"№ ВД","OBO","Назва регіону України","Місцезнаходження та адреса приміщення для голосування","1) К-сть одержаних бюлетенів","2) К-сть невикористаних бюлетенів","3) К-сть виборців, внесених до списку виборців","4) К-сть виборців, внесених до витягу зі списку виборців","5) К-сть виборців, які отримали бюлетені у приміщенні","6) К-сть виборців, які отримали за місцем перебування","7) Сумарна к-сть виборців, які отримали бюлетені","8) К-сть бюлетенів, що виявилися у кожній скринці","9) К-сть бюлетенів, що не підлягають врахуванню","10) К-сть виборців, які взяли участь у голос. у приміщенні для гол.","11) К-сть виборців, які взяли участь у голос. за місцем перебування","12) К-сть виборців, які взяли участь у голосуванні на виборчій дільниці","13) К-сть бюлетенів, визнаних недійсними","14) Сумарна к-сть голосів виборців ЗА","Алексій
Володимир
Миколайович","Кеменяш
Олександр
Михайлович","Ланьо
Михайло
Іванович","Дата підписання протоколу"
"210037","70","Закарпатська область","сільський клуб, актова зала
100, с.Смереково, Великоберезнянський р-н, Закарпатська обл., 89044","280","80","275","8","192","8","200","","0","192","8","200","7","193","19","56","118","29.10.12"
"210038","70","Закарпатська область","сільський клуб, актова зала
47, с.Буківцьво, Великоберезнянський р-н, Закарпатська обл., 89043","168","68","162","10","90","10","100","","0","90","10","100","15","85","8","17","60","28.10.12"
"210039","70","Закарпатська область","будинок культури, актова зала
296, с.Чорноголова, Великоберезнянський р-н, Закарпатська обл., 89042","976","392","965","36","549","35","584","","0","549","35","584","36","548","38","178","332","28.10.12"
"210040","70","Закарпатська область","сільський клуб, актова зала
вул.Шевченка, 46, с.Мирча, Великоберезнянський р-н, Закарпатська обл., 89040","504","184","497","14","307","13","320","","0","307","13","320","17","303","34","122","147","28.10.12"
"210041","70","Закарпатська область","сільський клуб, актова зала
15, с.Завосина, Великоберезнянський р-н, Закарпатська обл., 89040","160","30","154","10","120","10","130","","0","120","10","130","15","115","6","23","86","29.10.12"
"210042","70","Закарпатська область","сільська рада, зала урочистих подій
вул.Центральна, 60, с.Малий Березний, Великоберезнянський р-н, Закарпатська обл., 89040","1120","260","1118","27","837","23","860","","0","837","23","860","48","812","21","390","401","28.10.12"
"210043","70","Закарпатська область","ПТУ-33, їдальня, 1-й поверх
вул.Короленка, 10, смт Великий Березний, Великоберезнянський р-н, Закарпатська обл., 89000","1544","498","1539","6","1041","5","1046","","0","1041","5","1046","66","980","29","557","394","29.10.12"
"210044","70","Закарпатська область","селищна рада, зала урочистих подій, 3-й поверх
вул.Шевченка, 12, смт Великий Березний, Великоберезнянський р-н, Закарпатська обл., 89000","1808","944","1793","7","857","7","864","","0","857","7","864","82","782","36","346","400","28.10.12"
"210045","70","Закарпатська область","""Райавтодор"", актова зала, 2-й поверх
вул.Фізкультурна, 11, смт Великий Березний, Великоберезнянський р-н, Закарпатська обл., 89000","1496","548","1492","16","936","12","948","","0","936","12","948","46","902","33","425","444","29.10.12"
"210046","70","Закарпатська область","сільський клуб, актова зала
31, с.Руський Мочар, Великоберезнянський р-н, Закарпатська обл., 89041","120","25","118","6","89","6","95","","0","89","6","95","2","93","3","38","52","28.10.12"
"210047","70","Закарпатська область","сільський клуб, актова зала
54, с.Бегендяцька Пастіль, Великоберезнянський р-н, Закарпатська обл., 89041","152","22","149","11","120","10","130","","0","120","10","130","3","127","10","54","63","28.10.12"
"210048","70","Закарпатська область","сільський клуб, актова зала
52, с.Костева Пастіль, Великоберезнянський р-н, Закарпатська обл., 89041","248","50","243","10","188","10","198","","0","188","10","198","4","194","31","73","90","28.10.12"
"210049","70","Закарпатська область","сільський клуб, актова зала
48, с.Розтоцька Пастіль, Великоберезнянський р-н, Закарпатська обл., 89041","232","37","226","8","189","6","195","","0","189","6","195","9","186","26","52","108","28.10.12"
"210050","70","Закарпатська область","сільська рада, зала урочистих подій
вул.Возз’єднання, 20, с.Забрідь, Великоберезнянський р-н, Закарпатська обл., 89003","584","203","574","14","369","12","381","","0","369","12","381","25","356","17","162","177","28.10.12"
"210051","70","Закарпатська область","сільський клуб, актова зала
вул.Миру, 42А, с.Забрідь, Великоберезнянський р-н, Закарпатська обл., 89003","400","102","391","6","292","6","298","","0","292","6","298","28","270","20","117","133","28.10.12"
"210052","70","Закарпатська область","сільська рада, зала урочистих подій
69, с.Сіль, Великоберезнянський р-н, Закарпатська обл., 89021","504","123","497","33","351","30","381","","0","351","30","381","14","367","11","86","270","29.10.12"
"210053","70","Закарпатська область","сільський клуб, актова зала
84, с.Домашин, Великоберезнянський р-н, Закарпатська обл., 89021","408","104","399","16","288","16","304","","0","288","16","304","15","289","13","51","225","28.10.12"
"210054","70","Закарпатська область","сільська рада, зала урочистих подій
48, с.Стричава, Великоберезнянський р-н, Закарпатська обл., 89020","168","47","166","12","109","12","121","","0","109","12","121","6","115","5","68","42","28.10.12"
"210055","70","Закарпатська область","сільський клуб, актова зала
51, с.Княгиня, Великоберезнянський р-н, Закарпатська обл., 89020","232","68","228","10","154","10","164","","0","154","10","164","11","153","13","62","78","28.10.12"
"210056","70","Закарпатська область","сільська рада, зала урочистих подій
47, с.Кострина, Великоберезнянський р-н, Закарпатська обл., 89022","888","246","879","48","597","45","642","","0","597","45","642","17","625","6","219","400","28.10.12"
"210057","70","Закарпатська область","сільський клуб, актова зала
34, с.Костринська Розтока, Великоберезнянський р-н, Закарпатська обл., 89022","376","96","371","0","280","0","280","","0","280","0","280","11","269","6","76","187","29.10.12"
"210058","70","Закарпатська область","сільський клуб, актова зала
232, с.Вишка, Великоберезнянський р-н, Закарпатська обл., 89023","584","176","580","12","398","10","408","","0","398","10","408","29","379","20","47","312","28.10.12"
"210059","70","Закарпатська область","дитячий садок, ігрова зала
2, с.Люта, Великоберезнянський р-н, Закарпатська обл., 89033","624","239","631","24","363","22","385","","0","363","22","385","21","364","10","50","304","28.10.12"
"210060","70","Закарпатська область","сільська рада, актова зала
585, с.Люта, Великоберезнянський р-н, Закарпатська обл., 89033","544","192","538","14","338","14","352","","0","338","14","352","22","330","7","61","262","29.10.12"
"210061","70","Закарпатська область","школа, актова зала
660, с.Люта, Великоберезнянський р-н, Закарпатська обл., 89033","584","184","577","15","386","14","400","","0","386","14","400","19","381","14","93","274","28.10.12"
"210062","70","Закарпатська область","сільський клуб, актова зала
32, с.Жорнава, Великоберезнянський р-н, Закарпатська обл., 89012","664","195","661","11","460","9","469","","0","460","9","469","25","444","16","152","276","28.10.12"
"210063","70","Закарпатська область","сільська рада, актова зала
100, с.Загорб, Великоберезнянський р-н, Закарпатська обл., 89012","232","85","225","8","140","7","147","","0","140","7","147","7","140","6","29","105","28.10.12"
"210064","70","Закарпатська область","сільська рада, зала урочистих подій
144, с.Стужиця, Великоберезнянський р-н, Закарпатська обл., 89010","416","179","409","11","228","9","237","","0","228","9","237","31","206","13","75","118","28.10.12"
"210065","70","Закарпатська область","школа, кл. 2
223, с.Стужиця, Великоберезнянський р-н, Закарпатська обл., 89010","328","116","326","17","196","16","212","","0","196","16","212","17","195","6","68","121","28.10.12"
"210066","70","Закарпатська область","сільська рада, зала урочистих подій
253, с.Ставне, Великоберезнянський р-н, Закарпатська обл., 89014","1184","503","1174","37","646","35","681","","0","646","35","681","51","630","29","305","296","28.10.12"
"210067","70","Закарпатська область","сільський клуб, актова зала
32, с.Лубня, Великоберезнянський р-н, Закарпатська обл., 89013","152","46","146","12","95","11","106","","0","95","11","106","2","104","2","14","88","28.10.12"
"210068","70","Закарпатська область","сільський клуб, актова зала
59, с.Луг, Великоберезнянський р-н, Закарпатська обл., 89030","336","94","330","22","221","21","242","","0","221","21","242","8","234","13","80","141","28.10.12"
"210069","70","Закарпатська область","школа, кл. 2
55, с.Волосянка, Великоберезнянський р-н, Закарпатська обл., 89030","536","231","523","7","298","7","305","","0","298","7","305","18","287","12","110","165","28.10.12"
"210070","70","Закарпатська область","сільська рада, зала урочистих подій
301А, с.Волосянка, Великоберезнянський р-н, Закарпатська обл., 89030","728","290","714","19","423","15","438","","0","423","15","438","30","408","14","213","181","28.10.12"
"210071","70","Закарпатська область","сільська рада, зала урочистих подій
88, с.Верховина-Бистра, Великоберезнянський р-н, Закарпатська обл., 89015","448","171","443","5","272","5","277","","0","272","5","277","31","246","20","90","136","29.10.12"
"210072","70","Закарпатська область","школа, кл. 2
51, с.Сухий, Великоберезнянський р-н, Закарпатська обл., 89032","128","38","126","0","90","0","90","","0","90","0","90","4","86","7","31","48","28.10.12"
"210073","70","Закарпатська область","сільська рада, зала урочистих подій
105, с.Тихий, Великоберезнянський р-н, Закарпатська обл., 89032","360","151","348","6","204","5","209","","0","204","5","209","20","189","15","51","123","29.10.12"
"210074","70","Закарпатська область","сільський клуб, актова зала
33, с.Гусний, Великоберезнянський р-н, Закарпатська обл., 89032","64","24","59","0","40","0","40","","0","40","0","40","1","39","0","13","26","29.10.12"
"210075","70","Закарпатська область","сільська рада, зала уросистих подій
155, с.Ужок, Великоберезнянський р-н, Закарпатська обл., 89031","552","183","547","12","357","12","369","","0","357","12","369","29","340","35","119","186","29.10.12"
"210141","70","Закарпатська область","будинок культури, фойє
вул.Фабрична, 2, смт Воловець, Воловецький р-н, Закарпатська обл., 89100","1432","513","1416","20","900","19","919","","0","900","19","919","74","845","39","492","314","29.10.12"
"210142","70","Закарпатська область","селищна рада, зала засідань
вул.Пушкіна, 7, смт Воловець, Воловецький р-н, Закарпатська обл., 89100","1456","625","1436","41","804","27","831","","0","804","27","831","81","750","31","396","323","29.10.12"
"210143","70","Закарпатська область","школа, актова зала
вул.Карпатська, 27, смт Воловець, Воловецький р-н, Закарпатська обл., 89100","1304","424","1297","20","862","18","880","","0","862","18","880","42","838","56","554","228","29.10.12"
"210144","70","Закарпатська область","сільський клуб, глядацька зала
вул.Канора, 102, с.Канора, Воловецький р-н, Закарпатська обл., 89100","608","194","604","15","400","14","414","","0","400","14","414","28","386","18","134","234","29.10.12"
"210145","70","Закарпатська область","сільська рада, зала засідань
200, с.Гукливий, Воловецький р-н, Закарпатська обл., 89140","1656","602","1638","74","997","57","1054","","0","997","57","1054","74","980","34","366","580","29.10.12"
"210146","70","Закарпатська область","сільська рада, зала засідань
155, с.Скотарське, Воловецький р-н, Закарпатська обл., 89133","1048","330","1042","22","696","22","718","","0","696","22","718","63","655","27","208","420","29.10.12"
"210147","70","Закарпатська область","будинок культури, глядацька зала
вул.Верховинська, 1, с.Верхні Ворота, Воловецький р-н, Закарпатська обл., 89132","1760","448","1748","73","1243","69","1312","","0","1243","69","1312","49","1263","24","506","733","29.10.12"
"210148","70","Закарпатська область","сільська рада, актова зала
вул.Центральна, 97, с.Лази, Воловецький р-н, Закарпатська обл., 89131","792","204","784","38","557","31","588","","0","557","31","588","24","564","5","166","393","29.10.12"
"210149","70","Закарпатська область","сільська рада, зала засідань
вул.Центральна, 114, с.Нижні Ворота, Воловецький р-н, Закарпатська обл., 89130","1888","728","1900","39","1124","36","1160","","0","1124","36","1160","66","1094","46","403","645","29.10.12"
"210150","70","Закарпатська область","сільський клуб, глядацька зала
вул.Миру, 41А, с.Задільське, Воловецький р-н, Закарпатська обл., 89130","320","118","313","12","190","12","202","","0","190","12","202","12","190","5","53","132","29.10.12"
"210151","70","Закарпатська область","сільський клуб, фойє
вул.Центральна, 81, с.Завадка, Воловецький р-н, Закарпатська обл., 89113","840","280","831","26","535","25","560","","0","535","25","560","21","539","19","194","326","29.10.12"
"210152","70","Закарпатська область","сільська рада, актова зала
вул.Головна, 45, с.Верб’яж, Воловецький р-н, Закарпатська обл., 89113","520","169","516","10","341","10","351","","0","341","10","351","23","328","7","110","211","29.10.12"
"210153","70","Закарпатська область","школа, кл.1
вул.Нова Розтока, 15, с.Верб’яж, Воловецький р-н, Закарпатська обл., 89113","184","47","185","5","133","4","137","","0","133","4","137","14","123","4","56","63","29.10.12"
"210154","70","Закарпатська область","сільська рада, зала урочитсих подій
70, с.Тишів, Воловецький р-н, Закарпатська обл., 89112","696","191","688","51","455","50","505","","0","455","50","505","30","475","15","144","316","29.10.12"
"210155","70","Закарпатська область","сільська рада, зала засідань
23, с.Біласовиця, Воловецький р-н, Закарпатська обл., 89111","424","95","417","31","299","30","329","","0","299","30","329","18","311","6","79","226","29.10.12"
"210156","70","Закарпатська область","сільський клуб, глядацька зала
105, с.Латірка, Воловецький р-н, Закарпатська обл., 89111","432","80","426","26","327","25","352","","0","327","25","352","20","332","8","88","236","29.10.12"
"210157","70","Закарпатська область","сільська рада, актова зала
104, с.Абранка, Воловецький р-н, Закарпатська обл., 89122","472","162","470","8","302","8","310","","0","302","8","310","18","292","11","139","142","29.10.12"
"210158","70","Закарпатська область","сільська рада, зала засідань
59, с.Підполоззя, Воловецький р-н, Закарпатська обл., 89121","648","242","642","38","372","34","406","","0","372","34","406","15","391","12","177","202","29.10.12"
"210159","70","Закарпатська область","школа, кл.1
63, с.Верхня Грабівниця, Воловецький р-н, Закарпатська обл., 89121","328","116","327","22","191","21","212","","0","191","21","212","10","202","3","93","106","29.10.12"
"210160","70","Закарпатська область","сільський клуб, глядацька зала
49, с.Ялове, Воловецький р-н, Закарпатська обл., 89121","224","94","221","17","114","16","130","","0","114","16","130","4","126","1","43","82","28.10.12"
"210161","70","Закарпатська область","будинок культури, глядацька зала
вул.Шевченка, 137, смт Жденієво, Воловецький р-н, Закарпатська обл., 89120","1072","325","1067","44","703","44","747","","0","703","44","747","38","709","31","290","388","29.10.12"
"210162","70","Закарпатська область","сільський клуб, глядацька зала
37, с.Щербовець, Воловецький р-н, Закарпатська обл., 89110","184","39","180","15","130","15","145","","0","130","15","145","1","144","1","17","126","29.10.12"
"210163","70","Закарпатська область","школа, кл.1
10, с.Пашківці, Воловецький р-н, Закарпатська обл., 89110","120","21","118","9","90","9","99","","0","90","9","99","6","93","0","28","65","29.10.12"
"210164","70","Закарпатська область","школа, актова зала
89, с.Буковець, Воловецький р-н, Закарпатська обл., 89114","440","134","434","25","281","25","306","","0","281","25","306","18","288","5","33","250","29.10.12"
"210165","70","Закарпатська область","школа-сад, фойє
71, с.Перехресний, Воловецький р-н, Закарпатська обл., 89141","296","75","290","29","192","29","221","","0","192","29","221","2","219","2","34","183","29.10.12"
"210166","70","Закарпатська область","школа, фойє
33, с.Кічерний, Воловецький р-н, Закарпатська обл., 89141","312","84","309","22","206","22","228","","0","206","22","228","5","223","3","40","180","29.10.12"
"210167","70","Закарпатська область","сільська рада, зала урочистих подій
1, с.Розтока, Воловецький р-н, Закарпатська обл., 89133","352","100","352","21","231","21","252","","0","231","21","252","18","234","8","50","176","29.10.12"
"210229","70","Закарпатська область","школа, навчальний клас
вул.Хустська, 13, смт Міжгір’я, Міжгірський р-н, Закарпатська обл., 90000","456","209","443","10","237","10","247","","0","237","10","247","19","228","8","96","124","28.10.12"
"210230","70","Закарпатська область","ДП ""Міжгірське лісове господарство"", актова зала
вул.Незалежності, 64, смт Міжгір’я, Міжгірський р-н, Закарпатська обл., 90000","760","281","745","9","470","9","479","","0","470","9","479","37","442","20","256","166","28.10.12"
"210231","70","Закарпатська область","готельно-ресторанний комплекс ""Петрівська слобода"", тренажерна зала
вул.Прохідна, 111, смт Міжгір’я, Міжгірський р-н, Закарпатська обл., 90000","816","351","800","36","430","35","465","","0","430","35","465","40","425","12","212","201","29.10.12"
"210232","70","Закарпатська область","ліцей, кабінет охорони праці
вул.Шевченка, 13, смт Міжгір’я, Міжгірський р-н, Закарпатська обл., 90000","904","240","892","22","646","18","664","","0","646","18","664","32","632","29","340","263","28.10.12"
"210233","70","Закарпатська область","школа, фойє
вул.Шевченка, 73, смт Міжгір’я, Міжгірський р-н, Закарпатська обл., 90000","1472","429","1458","24","1022","21","1043","","0","1022","21","1043","66","977","33","533","411","29.10.12"
"210234","70","Закарпатська область","школа, спортивна зала
вул.Гагаріна, 30, смт Міжгір’я, Міжгірський р-н, Закарпатська обл., 90000","1448","522","1428","22","904","22","926","","0","904","22","926","71","855","21","370","464","28.10.12"
"210235","70","Закарпатська область","дитячий садок №5, музична зала
вул.Кутузова, 75, смт Міжгір’я, Міжгірський р-н, Закарпатська обл., 90000","704","256","708","31","421","27","448","","0","421","27","448","33","415","7","189","219","29.10.12"
"210236","70","Закарпатська область","дитячий садок №3, фойє
вул.Добролюбова, 19, смт Міжгір’я, Міжгірський р-н, Закарпатська обл., 90000","1056","315","1047","16","725","16","741","","0","725","16","741","62","679","18","393","268","29.10.12"
"210237","70","Закарпатська область","школа, спортивна зала
84, с.Запереділля, Міжгірський р-н, Закарпатська обл., 90000","792","255","780","26","511","26","537","","0","511","26","537","30","507","28","190","289","28.10.12"
"210238","70","Закарпатська область","сільський клуб, актова зала
8, с.Стригальня, Міжгірський р-н, Закарпатська обл., 90000","352","137","351","12","203","12","215","","0","203","12","215","12","203","2","64","137","28.10.12"
"210239","70","Закарпатська область","сільський клуб, актова зала
202, с.Буковець, Міжгірський р-н, Закарпатська обл., 90021","456","144","447","49","265","47","312","","0","265","47","312","21","291","11","73","207","29.10.12"
"210240","70","Закарпатська область","сільський клуб, актова зала
вул.Гагаріна, 72, с.Верхній Бистрий, Міжгірський р-н, Закарпатська обл., 90025","968","417","957","30","523","28","551","","0","523","28","551","56","495","18","268","209","28.10.12"
"210241","70","Закарпатська область","сільська рада, зала засідань
75, с.Вучкове, Міжгірський р-н, Закарпатська обл., 90046","496","108","492","16","372","16","388","","0","372","16","388","12","376","16","108","252","28.10.12"
"210242","70","Закарпатська область","Вучківське лісництво, фойє
221, с.Вучкове, Міжгірський р-н, Закарпатська обл., 90046","64","17","58","2","45","2","47","","0","45","2","47","1","46","0","2","44","28.10.12"
"210243","70","Закарпатська область","ФАП, фойє
250, с.Підчумаль, Міжгірський р-н, Закарпатська обл., 90046","104","24","102","3","77","3","80","","0","77","3","80","0","80","2","8","70","28.10.12"
"210244","70","Закарпатська область","сільська рада, зала засідань
194, с.Голятин, Міжгірський р-н, Закарпатська обл., 90023","1008","418","1007","62","528","62","590","","0","528","62","590","43","547","23","274","250","29.10.12"
"210245","70","Закарпатська область","сільський клуб, актова зала
169, с.Ізки, Міжгірський р-н, Закарпатська обл., 90020","640","254","632","39","349","37","386","","0","349","37","386","26","360","10","226","124","29.10.12"
"210246","70","Закарпатська область","сільський клуб, зала урочистих подій
152, с.Келечин, Міжгірський р-н, Закарпатська обл., 90022","552","160","545","40","353","39","392","","0","353","39","392","7","385","9","163","213","29.10.12"
"210247","70","Закарпатська область","школа №1, фойє
вул.Шевченка, 76, с.Колочава, Міжгірський р-н, Закарпатська обл., 90043","2416","1206","2391","37","1173","37","1210","","0","1173","37","1210","108","1102","20","504","578","03.11.12"
"210248","70","Закарпатська область","школа №2, клас фізики
вул.Дружби, 221, с.Колочава, Міжгірський р-н, Закарпатська обл., 90045","1392","591","1386","28","773","28","801","","0","773","28","801","19","782","21","211","550","29.10.12"
"210249","70","Закарпатська область","школа, спортивна зала
вул.Шевченка, 2, с.Колочава, Міжгірський р-н, Закарпатська обл., 90043","992","569","983","7","416","7","423","","0","416","7","423","40","383","18","173","192","28.10.12"
"210250","70","Закарпатська область","сільський клуб, актова зала
2, с.Мерешор, Міжгірський р-н, Закарпатська обл., 90043","400","169","407","9","222","9","231","","0","222","9","231","17","214","8","70","136","29.10.12"
"210251","70","Закарпатська область","сільська рада, зала засідань
12, с.Лісковець, Міжгірський р-н, Закарпатська обл., 90012","384","139","380","33","214","31","245","","0","214","31","245","15","230","3","84","143","28.10.12"
"210252","70","Закарпатська область","сільський клуб, актова зала
47, с.Рекіти, Міжгірський р-н, Закарпатська обл., 90012","216","60","209","19","137","19","156","","0","137","19","156","14","142","4","48","90","28.10.12"
"210253","70","Закарпатська область","сільська рада, зала засідань
142, с.Лозянський, Міжгірський р-н, Закарпатська обл., 90034","592","216","587","14","362","14","376","","0","362","14","376","19","357","11","213","133","29.10.12"
"210254","70","Закарпатська область","школа №2, актова зала
348, с.Лозянський, Міжгірський р-н, Закарпатська обл., 90034","640","279","632","22","339","22","361","","0","339","22","361","34","327","23","168","136","28.10.12"
"210255","70","Закарпатська область","сільський клуб, актова зала
535, с.Сопки, Міжгірський р-н, Закарпатська обл., 90034","192","66","192","13","113","13","126","","0","113","13","126","9","117","0","38","79","28.10.12"
"210256","70","Закарпатська область","сільська рада, зала урочистих подій
вул.Верховинська, 48, с.Майдан, Міжгірський р-н, Закарпатська обл., 90024","1360","632","1351","53","685","43","728","","0","685","43","728","57","671","32","454","185","29.10.12"
"210257","70","Закарпатська область","сільський клуб, зала урочистих подій
105, с.Негровець, Міжгірський р-н, Закарпатська обл., 90042","1672","859","1659","40","786","27","813","","0","786","27","813","72","741","32","354","355","29.10.12"
"210258","70","Закарпатська область","сільська рада, зала засідань
360, с.Нижній Студений, Міжгірський р-н, Закарпатська обл., 90010","832","252","832","78","505","75","580","","0","505","75","580","21","559","16","295","248","29.10.12"
"210259","70","Закарпатська область","школа, клас історії та іноземної мови
552, с.Верхній Студений, Міжгірський р-н, Закарпатська обл., 90010","544","121","542","72","353","70","423","","0","353","70","423","37","386","15","257","114","29.10.12"
"210260","70","Закарпатська область","сільський клуб, музична зала
147, с.Новоселиця, Міжгірський р-н, Закарпатська обл., 90013","784","265","768","53","470","49","519","","0","470","49","519","53","466","25","232","209","29.10.12"
"210261","70","Закарпатська область","сільська рада, зала засідань
75, с.Пилипець, Міжгірський р-н, Закарпатська обл., 90011","856","420","846","73","365","71","436","","0","365","71","436","31","405","17","240","148","29.10.12"
"210262","70","Закарпатська область","бібліотека, читальна зала
41, с.Подобовець, Міжгірський р-н, Закарпатська обл., 90011","312","91","315","24","197","24","221","","0","197","24","221","16","205","7","73","125","29.10.12"
"210263","70","Закарпатська область","сільський клуб, актова зала
69, с.Розтока, Міжгірський р-н, Закарпатська обл., 90011","312","90","304","36","188","34","222","","0","188","34","222","10","212","8","84","120","28.10.12"
"210264","70","Закарпатська область","сільський клуб, актова зала
59, с.Присліп, Міжгірський р-н, Закарпатська обл., 90014","624","186","622","49","395","43","438","","0","395","43","438","25","413","14","239","160","28.10.12"
"210265","70","Закарпатська область","школа, актова зала
327, с.Завийка, Міжгірський р-н, Закарпатська обл., 90014","136","25","133","9","102","9","111","","0","102","9","111","6","105","2","53","50","28.10.12"
"210266","70","Закарпатська область","школа, актова зала
446, с.Тітківці, Міжгірський р-н, Закарпатська обл., 90014","144","55","142","7","82","7","89","","0","82","7","89","10","79","7","49","23","28.10.12"
"210267","70","Закарпатська область","сільський клуб, актова зала
136А, с.Репинне, Міжгірський р-н, Закарпатська обл., 90032","904","370","896","18","517","17","534","","0","517","17","534","38","496","28","208","260","29.10.12"
"210268","70","Закарпатська область","сільський клуб, актова зала
188, с.Сухий, Міжгірський р-н, Закарпатська обл., 90032","320","126","314","13","181","13","194","","0","181","13","194","15","179","8","40","131","28.10.12"
"210269","70","Закарпатська область","бібліотека, читальна зала
188, с.Діл, Міжгірський р-н, Закарпатська обл., 90032","120","49","114","8","67","4","71","","0","67","4","71","6","65","0","34","31","28.10.12"
"210270","70","Закарпатська область","сільський клуб, актова зала
196, с.Річка, Міжгірський р-н, Закарпатська обл., 90030","664","199","661","70","400","65","465","","0","400","65","465","37","428","27","253","148","30.10.12"
"210271","70","Закарпатська область","сільський клуб, актова зала
1063, с.Синевир, Міжгірський р-н, Закарпатська обл., 90041","2536","1274","2527","128","1189","73","1262","","0","1189","73","1262","93","1169","34","555","580","29.10.12"
"210272","70","Закарпатська область","приміщення ПП Теслевич В.В.""Амбар"", велика зала
1373, с.Синевир, Міжгірський р-н, Закарпатська обл., 90041","1056","331","1047","60","668","57","725","","0","668","57","725","33","692","14","319","359","29.10.12"
"210273","70","Закарпатська область","сільська рада, зала засідань
147, с.Синевирська Поляна, Міжгірський р-н, Закарпатська обл., 90040","1360","587","1365","47","726","47","773","","0","726","47","773","62","711","32","229","450","29.10.12"
"210274","70","Закарпатська область","школа, клас української мови та літератури
103, с.Сойми, Міжгірський р-н, Закарпатська обл., 90033","856","309","857","11","536","11","547","","0","536","11","547","36","511","18","168","325","28.10.12"
"210275","70","Закарпатська область","сільський клуб, актова зала
503, с.Торунь, Міжгірський р-н, Закарпатська обл., 90015","928","424","915","25","484","20","504","","0","484","20","504","37","467","27","219","221","28.10.12"
"210276","70","Закарпатська область","сільський клуб, актова зала
140, с.Лопушне, Міжгірський р-н, Закарпатська обл., 90015","968","677","479","3","288","3","291","","0","288","3","291","23","268","11","131","126","29.10.12"
"210277","70","Закарпатська область","школа, актова зала
111, с.Тюшка, Міжгірський р-н, Закарпатська обл., 90031","624","218","607","48","358","48","406","","0","358","48","406","26","380","14","172","194","28.10.12"
"210278","70","Закарпатська область","селищна рада, зала засідань
вул.Корятовича, 13, смт Кольчино, Мукачівський р-н, Закарпатська обл., 89636","1232","311","1230","31","895","26","921","","0","895","26","921","35","886","17","216","653","29.10.12"
"210279","70","Закарпатська область","сільський клуб, глядацька зала
вул.Шелестівська, 92, смт Кольчино, Мукачівський р-н, Закарпатська обл., 89636","2312","710","2289","43","1564","38","1602","","0","1564","38","1602","77","1525","30","317","1178","29.10.12"
"210280","70","Закарпатська область","ВАТ ""Агропромтранс"", актова зала
вул.Садова, 3, с.Коноплівці, Мукачівський р-н, Закарпатська обл., 89636","584","161","579","2","421","2","423","","0","421","2","423","16","407","9","50","348","29.10.12"
"210281","70","Закарпатська область","сільський клуб, глядацька зала
вул.Корятовича, 52, с.Кленовець, Мукачівський р-н, Закарпатська обл., 89637","1016","287","1013","19","712","17","729","","0","712","17","729","27","702","8","100","594","29.10.12"
"210282","70","Закарпатська область","сільський клуб, глядацька зала
вул.Шевченка, 15, с.Жборівці, Мукачівський р-н, Закарпатська обл., 89636","240","28","234","15","198","14","212","","0","198","14","212","2","210","1","21","188","29.10.12"
"210283","70","Закарпатська область","школа мистецтв, кл.2
вул.Волошина, 26, смт Чинадійово, Мукачівський р-н, Закарпатська обл., 89640","2072","684","2060","13","1376","12","1388","","0","1376","12","1388","53","1335","35","353","947","29.10.12"
"210284","70","Закарпатська область","школа, кл.1
вул.Садова, 2, смт Чинадійово, Мукачівський р-н, Закарпатська обл., 89640","1080","330","1075","17","734","16","750","","0","734","16","750","34","716","8","95","613","30.10.12"
"210285","70","Закарпатська область","будинок культури, фойє
вул.Волошина, 59, смт Чинадійово, Мукачівський р-н, Закарпатська обл., 89640","1168","360","1164","14","794","14","808","","0","794","14","808","35","773","12","163","598","29.10.12"
"210286","70","Закарпатська область","школа, кл.1
вул.Санаторна, 93, смт Чинадійово, Мукачівський р-н, Закарпатська обл., 89640","1040","302","1049","9","729","9","738","","0","729","9","738","20","718","12","166","540","29.10.12"
"210287","70","Закарпатська область","санаторій ""Карпати"", к.2
санаторій ""Карпати"", с.Карпати, Мукачівський р-н, Закарпатська обл., 89641","208","43","200","0","165","0","165","","0","165","0","165","5","160","5","32","123","29.10.12"
"210288","70","Закарпатська область","школа, кл.2
47, с.Синяк, Мукачівський р-н, Закарпатська обл., 89642","160","40","156","2","118","2","120","","0","118","2","120","3","117","5","41","71","29.10.12"
"210289","70","Закарпатська область","сільська рада, зала засідань
вул.Радянська, сільська рада, с.Бабичі, Мукачівський р-н, Закарпатська обл., 89663","752","231","739","21","501","20","521","","0","501","20","521","28","493","13","119","361","29.10.12"
"210290","70","Закарпатська область","сільський клуб, глядацька зала
вул.Гагаріна, 78, с.Ділок, Мукачівський р-н, Закарпатська обл., 89663","264","53","262","13","198","13","211","","0","198","13","211","9","202","2","74","126","29.10.12"
"210291","70","Закарпатська область","сільський клуб, глядацька зала
вул.Шевченка, 32А, с.Бистриця, Мукачівський р-н, Закарпатська обл., 89645","832","193","825","38","601","38","639","","0","601","38","639","17","622","9","66","547","29.10.12"
"210292","70","Закарпатська область","сільський клуб, глядацька зала
вул.Миру, 13, с.Вільховиця, Мукачівський р-н, Закарпатська обл., 89645","576","131","568","19","427","18","445","","0","427","18","445","14","431","9","58","364","29.10.12"
"210293","70","Закарпатська область","будинок культури, глядацька зала
вул.Миру, 42, с.Бобовище, Мукачівський р-н, Закарпатська обл., 89632","1584","583","1564","26","977","24","1001","","0","977","24","1001","30","971","22","255","694","29.10.12"
"210294","70","Закарпатська область","ФАП, кабінет процедурної
31, с.Ільківці, Мукачівський р-н, Закарпатська обл., 89632","72","28","67","7","38","6","44","","0","38","6","44","0","44","0","6","38","29.10.12"
"210295","70","Закарпатська область","школа, кл.1
вул.Садова, 27, с.Брестів, Мукачівський р-н, Закарпатська обл., 89646","496","104","489","38","354","38","392","","0","354","38","392","9","383","8","79","296","29.10.12"
"210296","70","Закарпатська область","школа, клас позакласної роботи
вул.Шкільна, 4, с.Лецовиця, Мукачівський р-н, Закарпатська обл., 89646","648","100","638","21","528","20","548","","0","528","20","548","16","532","2","193","337","29.10.12"
"210297","70","Закарпатська область","сільський клуб, глядацька зала
вул.Миру, 27А, с.Верхня Визниця, Мукачівський р-н, Закарпатська обл., 89644","1112","460","1100","24","631","21","652","","0","631","21","652","46","606","14","103","489","29.10.12"
"210298","70","Закарпатська область","сільський клуб, глядацька зала
сільський клуб, с.Лісарня, Мукачівський р-н, Закарпатська обл., 89644","208","55","207","5","149","4","153","","0","149","4","153","4","149","3","20","126","29.10.12"
"210299","70","Закарпатська область","школа, кл.3
вул.Садова, школа, с.Клочки, Мукачівський р-н, Закарпатська обл., 89644","232","69","226","9","154","9","163","","0","154","9","163","4","159","3","20","136","29.10.12"
"210300","70","Закарпатська область","школа, актова зала
вул.І.Франка, 8Б, с.Верхній Коропець, Мукачівський р-н, Закарпатська обл., 89660","1152","191","1149","43","931","30","961","","0","931","30","961","32","929","12","83","834","29.10.12"
"210301","70","Закарпатська область","школа, актова зала
77В, с.Кучава, Мукачівський р-н, Закарпатська обл., 89661","624","82","616","15","527","15","542","","0","527","15","542","12","530","3","13","514","29.10.12"
"210302","70","Закарпатська область","школа, актова зала
1, с.Куштановиця, Мукачівський р-н, Закарпатська обл., 89662","640","79","632","25","539","22","561","","0","539","22","561","13","548","3","19","526","29.10.12"
"210331","70","Закарпатська область","сільський клуб, глядацька зала
вул.Миру, 13, с.Лавки, Мукачівський р-н, Закарпатська обл., 89635","1032","274","1023","42","723","35","758","","0","723","35","758","49","709","23","80","606","29.10.12"
"210340","70","Закарпатська область","сільська рада, зала засідань
вул.Шевченка, 2, с.Обава, Мукачівський р-н, Закарпатська обл., 89643","712","268","706","16","431","13","444","","0","431","13","444","19","425","6","98","321","29.10.12"
"210341","70","Закарпатська область","школа, кл.1
вул.Садова, 25А, с.Косино, Мукачівський р-н, Закарпатська обл., 89643","752","216","741","18","522","14","536","","0","522","14","536","23","512","8","73","431","29.10.12"
"210342","70","Закарпатська область","сільський клуб, глядацька зала
вул.Макаренка, 47А, с.Дубино, Мукачівський р-н, Закарпатська обл., 89643","600","200","595","10","390","10","400","","0","390","10","400","18","382","9","73","300","29.10.12"
"210346","70","Закарпатська область","школа, кл.1
60А, с.Грабово, Мукачівський р-н, Закарпатська обл., 89630","96","29","91","10","57","10","67","","0","57","10","67","0","67","1","31","35","29.10.12"
"210366","70","Закарпатська область","магазин ""Ялинка"", фойє, 2-й поверх
вул.Суворова, 5, м.Перечин, Перечинський р-н, Закарпатська обл., 89200","208","35","209","4","169","4","173","","0","169","4","173","5","168","2","41","125","29.10.12"
"210367","70","Закарпатська область","районний будинок культури, актова зала, 2-й поверх
вул.Жовтнева, 20, м.Перечин, Перечинський р-н, Закарпатська обл., 89200","1368","388","1357","40","946","34","980","","0","946","34","980","46","934","37","444","453","29.10.12"
"210368","70","Закарпатська область","школа, актова зала
вул.Червоноармійська, 9, м.Перечин, Перечинський р-н, Закарпатська обл., 89200","1120","274","1100","24","825","21","846","","0","825","21","846","54","792","28","279","485","29.10.12"
"210369","70","Закарпатська область","школа, спортивна зала
вул.Червоноармійська, 9, м.Перечин, Перечинський р-н, Закарпатська обл., 89200","1536","451","1523","33","1054","31","1085","","0","1054","31","1085","67","1018","69","402","547","29.10.12"
"210370","70","Закарпатська область","КП ""Будівельник"", зала засідань, 1-й поверх
вул.Жовтненва, 76, м.Перечин, Перечинський р-н, Закарпатська обл., 89200","1016","248","1011","28","747","21","768","","0","747","21","768","39","729","27","298","404","29.10.12"
"210371","70","Закарпатська область","сільський клуб, музична зала
вул.Центральна, 108, с.Дубриничі, Перечинський р-н, Закарпатська обл., 89210","1520","496","1504","52","979","45","1024","","0","979","45","1024","44","980","21","456","503","29.10.12"
"210372","70","Закарпатська область","школа, актова зала
вул.Берег, 62, с.Дубриничі, Перечинський р-н, Закарпатська обл., 89210","224","44","224","6","174","6","180","","0","174","6","180","12","168","6","30","132","29.10.12"
"210373","70","Закарпатська область","сільський клуб, музична зала
вул.Шевченка, 2, с.Пастілки, Перечинський р-н, Закарпатська обл., 89210","240","74","238","8","158","8","166","","0","158","8","166","6","160","2","59","99","29.10.12"
"210374","70","Закарпатська область","сільський клуб, музична зала
вул.Центральна, 73, с.Порошково, Перечинський р-н, Закарпатська обл., 89230","1608","549","1604","63","1000","59","1059","","0","1000","59","1059","65","994","52","348","594","29.10.12"
"210375","70","Закарпатська область","школа, спортивна зала
вул.Зерновська, 141, с.Порошково, Перечинський р-н, Закарпатська обл., 89230","448","185","436","10","253","10","263","","0","253","10","263","23","240","10","49","181","29.10.12"
"210376","70","Закарпатська область","громадська організація ""Романі Ворба"", зала засідань
вул.Л.Українки, 80, с.Порошково, Перечинський р-н, Закарпатська обл., 89230","608","172","599","0","436","0","436","","0","436","0","436","102","334","15","9","310","29.10.12"
"210377","70","Закарпатська область","сільська рада, зала засідань
89, с.Ворочово, Перечинський р-н, Закарпатська обл., 89220","624","124","623","18","482","18","500","","0","482","18","500","24","476","8","143","325","29.10.12"
"210378","70","Закарпатська область","сільська рада, зала засідань
27, с.Новоселиця, Перечинський р-н, Закарпатська обл., 89211","400","83","388","17","300","17","317","","0","300","17","317","10","307","7","82","218","29.10.12"
"210379","70","Закарпатська область","сільська рада, зала засідань
вул.Дружби, 1, с.Зарічово, Перечинський р-н, Закарпатська обл., 89212","1800","559","1786","87","1164","77","1241","","0","1164","77","1241","58","1183","20","344","819","29.10.12"
"210380","70","Закарпатська область","сільський клуб, музична зала
вул.Карпатська, 74, с.Сімер, Перечинський р-н, Закарпатська обл., 89203","1408","370","1394","52","987","51","1038","","0","987","51","1038","59","979","58","378","543","29.10.12"
"210381","70","Закарпатська область","сільська рада, зала засідань
вул.Центральна, 125, с.Сімерки, Перечинський р-н, Закарпатська обл., 89213","744","161","742","32","554","29","583","","0","554","29","583","32","551","25","178","348","28.10.12"
"210382","70","Закарпатська область","сільський клуб, музична зала
вул.Радванка, 85, с.Тур’ї Ремети, Перечинський р-н, Закарпатська обл., 89221","2512","1053","2467","149","1390","69","1459","","0","1390","69","1459","119","1340","62","531","747","29.10.12"
"210383","70","Закарпатська область","сільський клуб, музична зала
вул.Центральна, 65, с.Туриця, Перечинський р-н, Закарпатська обл., 89222","776","126","777","36","619","31","650","","0","619","31","650","19","631","18","152","461","29.10.12"
"210384","70","Закарпатська область","сільська рада, бібліотека, читальна зала
вул.Центральна, 30, с.Турички, Перечинський р-н, Закарпатська обл., 89215","192","53","182","8","134","5","139","","0","134","5","139","5","134","5","54","75","29.10.12"
"210385","70","Закарпатська область","сільський клуб, музична зала
вул.Шевченка, 22, с.Лікіцари, Перечинський р-н, Закарпатська обл., 89215","56","22","49","5","31","3","34","","0","31","3","34","1","33","1","3","29","29.10.12"
"210386","70","Закарпатська область","сільський клуб, музична зала
вул.Г.Сковороди, 24, с.Липовець, Перечинський р-н, Закарпатська обл., 89215","88","19","88","3","67","2","69","","0","67","2","69","4","65","4","32","29","28.10.12"
"210387","70","Закарпатська область","БВ ""Лумшори"" ВАТ ""Турбогаз"", зала засідань
вул.Лугова, 29, с.Лумшори, Перечинський р-н, Закарпатська обл., 89215","96","36","94","8","52","8","60","","0","52","8","60","3","57","1","28","28","29.10.12"
"210388","70","Закарпатська область","сільська рада, зала засідань
93, с.Вільшинки, Перечинський р-н, Закарпатська обл., 89214","432","72","428","32","328","32","360","","0","328","32","360","28","332","8","110","214","28.10.12"
"210389","70","Закарпатська область","сільський клуб, музична зала
вул.Турянська, 33, с.Тур’я Пасіка, Перечинський р-н, Закарпатська обл., 89223","1184","465","1173","22","697","22","719","","0","697","22","719","59","660","33","244","383","29.10.12"
"210390","70","Закарпатська область","сільський клуб, музична зала
вул.Центральна, 21, с.Раково, Перечинський р-н, Закарпатська обл., 89223","712","185","708","42","485","42","527","","0","485","42","527","34","493","21","166","306","29.10.12"
"210391","70","Закарпатська область","приміщення гр.Мамутова В.Ю., вітальня кімната
14, с.Завбуч, Перечинський р-н, Закарпатська обл., 89223","40","9","39","1","30","1","31","","0","30","1","31","6","25","0","15","10","28.10.12"
"210392","70","Закарпатська область","школа, актова зала
64, с.Мокра, Перечинський р-н, Закарпатська обл., 89230","264","87","258","9","173","4","177","","0","173","4","177","11","166","7","63","96","29.10.12"
"210393","70","Закарпатська область","сільський клуб, музична зала
21, с.Маюрки, Перечинський р-н, Закарпатська обл., 89230","128","36","119","2","90","2","92","","0","90","2","92","10","82","4","9","69","29.10.12"
"210394","70","Закарпатська область","сільська рада, зала засідань
вул.Зелена, 94, с.Тур’я Поляна, Перечинський р-н, Закарпатська обл., 89232","1024","289","1006","66","670","65","735","","0","670","65","735","51","684","32","184","468","29.10.12"
"210395","70","Закарпатська область","сільський клуб, музична зала
вул.Центральна, 81, с.Полянська Гута, Перечинський р-н, Закарпатська обл., 89232","336","88","330","12","238","10","248","","0","238","10","248","9","239","6","40","193","29.10.12"
"210396","70","Закарпатська область","сільський клуб, музична зала
вул.Духновича, 68, с.Тур’я-Бистра, Перечинський р-н, Закарпатська обл., 89231","1088","234","1084","56","803","51","854","","0","803","51","854","37","817","14","121","682","28.10.12"
"210397","70","Закарпатська область","ФАП, кабінет процедурної
42, кім.1, с.Свалявка, Перечинський р-н, Закарпатська обл., 89231","120","39","119","1","80","1","81","","0","80","1","81","8","73","4","13","56","29.10.12"
"210440","70","Закарпатська область","школа №3, спортивна зала
вул.Головна, 19, м.Свалява, Свалявський р-н, Закарпатська обл., 89300","2416","1155","2394","29","1242","19","1261","","0","1242","19","1261","112","1149","83","571","495","29.10.12"
"210441","70","Закарпатська область","технічний коледж, актова зала
вул.Духновича, 6, м.Свалява, Свалявський р-н, Закарпатська обл., 89300","1760","848","1740","13","902","10","912","","0","902","10","912","60","852","83","405","364","29.10.12"
"210442","70","Закарпатська область","школа №4, спортивний клас
вул.Грушевського, 15, м.Свалява, Свалявський р-н, Закарпатська обл., 89300","1728","833","1717","26","874","21","895","","0","874","21","895","48","847","32","321","494","29.10.12"
"210443","70","Закарпатська область","ТДВ ""Свалявські мінеральні води"", зала засідань
вул.Верховинська, 2, м.Свалява, Свалявський р-н, Закарпатська обл., 89300","1552","756","1540","11","785","11","796","","0","785","11","796","66","730","47","210","473","29.10.12"
"210444","70","Закарпатська область","школа №1, спортивна зала
вул.Визволення, 21/2, м.Свалява, Свалявський р-н, Закарпатська обл., 89300","1840","832","1830","26","990","18","1008","","0","990","18","1008","60","948","80","548","320","29.10.12"
"210445","70","Закарпатська область","школа-садок №10, музична зала
вул.Шерегія, 5, м.Свалява, Свалявський р-н, Закарпатська обл., 89300","1736","925","1722","16","802","9","811","","0","802","9","811","43","768","75","421","272","29.10.12"
"210446","70","Закарпатська область","школа-садок №12, музична зала
вул.Ломоносова, 14А, м.Свалява, Свалявський р-н, Закарпатська обл., 89300","1488","788","1471","9","695","5","700","","0","695","5","700","29","671","36","379","256","29.10.12"
"210447","70","Закарпатська область","клуб, глядацька зала
вул.Драчинська, 26, с.Драчино, Свалявський р-н, Закарпатська обл., 89307","751","326","744","7","422","3","425","","0","422","3","425","24","401","26","135","240","28.10.12"
"210448","70","Закарпатська область","будинок культури, глядацька зала
651, с.Березники, Свалявський р-н, Закарпатська обл., 89335","2408","1452","2390","80","912","44","956","","0","912","44","956","77","879","23","438","418","29.10.12"
"210449","70","Закарпатська область","клуб, глядацька зала
35, с.Ганьковиця, Свалявський р-н, Закарпатська обл., 89312","440","142","434","11","288","10","298","","0","288","10","298","7","291","14","68","209","29.10.12"
"210450","70","Закарпатська область","сільська рада, зала засідань
365, с.Голубине, Свалявський р-н, Закарпатська обл., 89320","2112","1025","2102","53","1042","45","1087","","0","1042","45","1087","52","1035","89","383","563","29.10.12"
"210451","70","Закарпатська область","клуб, глядацька зала
213А, с.Солочин, Свалявський р-н, Закарпатська обл., 89321","928","419","917","19","491","18","509","","0","491","18","509","15","494","17","201","276","29.10.12"
"210452","70","Закарпатська область","клуб, глядацька зала
вул.Миру, 66, с.Дусино, Свалявський р-н, Закарпатська обл., 89332","1248","515","1236","14","720","13","733","","0","720","13","733","19","714","17","156","541","28.10.12"
"210453","70","Закарпатська область","будинок культури, глядацька зала
вул.Перемоги, 155, с.Росош, Свалявський р-н, Закарпатська обл., 89333","1680","797","1657","33","860","23","883","","0","860","23","883","27","856","23","193","640","29.10.12"
"210454","70","Закарпатська область","клуб, глядацька зала
вул.Визволення, 45, с.Плав’я, Свалявський р-н, Закарпатська обл., 89332","592","276","579","9","309","7","316","","0","309","7","316","13","303","7","71","225","29.10.12"
"210455","70","Закарпатська область","школа, навчальний клас
вул.Квіткова, 26, с.Лопушанка, Свалявський р-н, Закарпатська обл., 89332","200","83","191","12","105","12","117","","0","105","12","117","3","114","0","26","88","29.10.12"
"210456","70","Закарпатська область","школа, їдальня
вул.Головна, 54, с.Керецьки, Свалявський р-н, Закарпатська обл., 89334","1632","986","1616","17","632","14","646","","0","632","14","646","27","619","23","306","290","29.10.12"
"210457","70","Закарпатська область","дитячий садок, музична зала
вул.Головна, 9, с.Керецьки, Свалявський р-н, Закарпатська обл., 89334","1688","1082","1674","17","591","15","606","","0","591","15","606","26","580","14","256","310","29.10.12"
"210458","70","Закарпатська область","будинок культури, глядацька зала
вул.Головна, 169, с.Неліпино, Свалявський р-н, Закарпатська обл., 89308","2504","1352","2472","28","1124","28","1152","","0","1124","28","1152","74","1078","32","552","494","29.10.12"
"210459","70","Закарпатська область","школа, їдальня
вул.Миколи Павлишинця, 1, с.Сасівка, Свалявський р-н, Закарпатська обл., 89308","1168","766","1155","8","396","6","402","","0","396","6","402","31","371","14","198","159","29.10.12"
"210460","70","Закарпатська область","сільська рада, актова зала
260, с.Плоске, Свалявський р-н, Закарпатська обл., 89311","936","427","921","14","496","13","509","","0","496","13","509","44","465","25","254","186","29.10.12"
"210461","70","Закарпатська область","школа-садок, класна кімната
201, с.Павлово, Свалявський р-н, Закарпатська обл., 89311","544","281","536","5","258","5","263","","0","258","5","263","19","244","24","121","99","29.10.12"
"210462","70","Закарпатська область","клуб, глядацька зала
118, с.Оленьово, Свалявський р-н, Закарпатська обл., 89311","352","158","343","3","191","3","194","","0","191","3","194","9","185","16","86","83","29.10.12"
"210463","70","Закарпатська область","школа, навчальний клас
78, с.Яківське, Свалявський р-н, Закарпатська обл., 89311","256","126","254","10","120","10","130","","0","120","10","130","10","120","1","48","71","29.10.12"
"210464","70","Закарпатська область","сільська рада, зала засідань
вул.Духновича, 63, с.Поляна, Свалявський р-н, Закарпатська обл., 89313","2096","898","2077","59","1145","53","1198","","0","1145","53","1198","55","1143","44","341","758","29.10.12"
"210465","70","Закарпатська область","будинок культури, глядацька зала
84, с.Уклин, Свалявський р-н, Закарпатська обл., 89313","344","90","336","8","246","8","254","","0","246","8","254","7","247","5","41","201","29.10.12"
"210466","70","Закарпатська область","будинок культури, глядацька зала
45А, с.Родниківка, Свалявський р-н, Закарпатська обл., 89310","648","286","635","10","352","10","362","","0","352","10","362","13","349","16","112","221","29.10.12"
"210467","70","Закарпатська область","клуб, глядацька зала
70А, с.Родникова Гута, Свалявський р-н, Закарпатська обл., 89310","408","95","402","18","296","17","313","","0","296","17","313","11","302","17","73","212","29.10.12"
"210468","70","Закарпатська область","школа, спортивна зала
140, с.Стройне, Свалявський р-н, Закарпатська обл., 89331","2040","908","2031","64","1073","59","1132","","0","1073","59","1132","57","1075","44","284","747","29.10.12"
"210469","70","Закарпатська область","клуб, глядацька зала
40А, с.Черник, Свалявський р-н, Закарпатська обл., 89331","448","173","441","12","263","12","275","","0","263","12","275","16","259","3","85","171","29.10.12"
"210470","70","Закарпатська область","будинок культури, глядацька зала
108, с.Сусково, Свалявський р-н, Закарпатська обл., 89322","1096","361","1088","15","720","15","735","","0","720","15","735","23","712","16","152","544","29.10.12"
"210471","70","Закарпатська область","школа, вестибюль
30А, с.Пасіка, Свалявський р-н, Закарпатська обл., 89323","896","361","885","7","531","4","535","","0","531","4","535","22","513","13","131","369","29.10.12"
"210472","70","Закарпатська область","клуб, глядацька зала
90А, с.Тибава, Свалявський р-н, Закарпатська обл., 89330","720","266","715","19","438","16","454","","0","438","16","454","4","450","10","82","358","29.10.12"
"210473","70","Закарпатська область","клуб, глядацька зала
184А, с.Мала Мартинка, Свалявський р-н, Закарпатська обл., 89330","656","213","648","11","433","10","443","","0","433","10","443","13","430","8","87","335","28.10.12"
