"№ ВД","OBO","Назва регіону України","Місцезнаходження та адреса приміщення для голосування","1) К-сть одержаних бюлетенів","2) К-сть невикористаних бюлетенів","3) К-сть виборців, внесених до списку виборців","4) К-сть виборців, внесених до витягу зі списку виборців","5) К-сть виборців, які отримали бюлетені у приміщенні","6) К-сть виборців, які отримали за місцем перебування","7) Сумарна к-сть виборців, які отримали бюлетені","8) К-сть бюлетенів, що виявилися у кожній скринці","9) К-сть бюлетенів, що не підлягають врахуванню","10) К-сть виборців, які взяли участь у голос. у приміщенні для гол.","11) К-сть виборців, які взяли участь у голос. за місцем перебування","12) К-сть виборців, які взяли участь у голосуванні на виборчій дільниці","13) К-сть бюлетенів, визнаних недійсними","14) Сумарна к-сть голосів виборців ЗА","Андреєв
Віталій
Миколайович","Кавун
Олег
Миколайович","Коваленко
Юрій
Миколайович","Кулініч
Олег
Іванович","Масенко
Олександр
Миколайович","Дата підписання протоколу"
"530177","147","Полтавська область","філія ""Диканський райавтодор"", кімната по техніці безпеки, фойє
вул.Пушкіна, 35, смт Диканька, Диканський р-н, Полтавська обл., 38500","1488","732","1463","31","730","26","756","","0","730","26","756","45","711","30","26","306","269","80","29.10.12"
"530178","147","Полтавська область","районний будинок культури, дискозал, 1-й поверх
вул.Леніна, 119, смт Диканька, Диканський р-н, Полтавська обл., 38500","1528","685","1513","37","810","33","843","","0","810","33","843","57","786","41","26","311","319","89","29.10.12"
"530179","147","Полтавська область","гімназія ім. М.В.Гоголя, фойє, 1-й поверх
вул.Кірова, 2А, смт Диканька, Диканський р-н, Полтавська обл., 38500","1792","818","1771","38","941","33","974","","0","941","33","974","62","912","34","47","370","362","99","29.10.12"
"530180","147","Полтавська область","дошкільний навчальний заклад №3 ""Сонечко"", ігрова і спальна кімнати, 1-й поверх
вул.Леніна, 6В, смт Диканька, Диканський р-н, Полтавська обл., 38500","2136","1007","2119","44","1087","42","1129","","0","1087","42","1129","87","1042","41","71","396","439","95","29.10.12"
"530181","147","Полтавська область","сільський клуб-філіал, фойє
вул.Жовтнева, 4, с.Василівка, Диканський р-н, Полтавська обл., 38500","176","74","177","10","92","10","102","","0","92","10","102","3","99","3","8","22","46","20","29.10.12"
"530182","147","Полтавська область","адміністративний будинок сільської ради, актовий зал
вул.Ювілейна, 24А, с.Андріївка, Диканський р-н, Полтавська обл., 38532","312","114","306","21","181","17","198","","0","181","17","198","6","192","6","21","56","86","23","29.10.12"
"530183","147","Полтавська область","сільський клуб-філіал, актовий зал
вул.Молодіжна, 36, с.Ландарі, Диканський р-н, Полтавська обл., 38533","368","149","367","39","184","35","219","","0","184","35","219","3","216","2","15","73","105","21","29.10.12"
"530184","147","Полтавська область","сільський будинок культури, фойє
вул.Калініна, 10А, с.Байрак, Диканський р-н, Полтавська обл., 38543","440","173","436","43","227","40","267","","0","227","40","267","19","248","4","11","101","100","32","29.10.12"
"530185","147","Полтавська область","адміністративний будинок виробничого підрозділу ""Балясне"" агрофірми ім.Довженка, актовий зал
вул.Спортивна, 19Б, с.Балясне, Диканський р-н, Полтавська обл., 38512","848","349","839","74","438","61","499","","0","438","61","499","26","473","14","37","227","160","35","29.10.12"
"530186","147","Полтавська область","сільський будинок культури, центральний зал, 1-й поверх
вул.Юрія Кононенка, 33, с.Великі Будища, Диканський р-н, Полтавська обл., 38521","848","334","840","86","440","74","514","","0","440","74","514","34","480","19","22","231","168","40","29.10.12"
"530187","147","Полтавська область","сільський клуб-філіал, гримерна кімната, 1-й поверх
вул.Даценка, 26А, с.Чернечий Яр, Диканський р-н, Полтавська обл., 38523","296","92","299","33","171","33","204","","0","171","33","204","11","193","12","18","62","86","15","29.10.12"
"530188","147","Полтавська область","професійно-технічне училище №23, кабінет бухгалтерії, 1-й поверх
вул.Технікумівська, 30, с.Писарівщина, Диканський р-н, Полтавська обл., 38522","248","115","228","12","125","8","133","","0","125","8","133","3","130","5","3","75","37","10","29.10.12"
"530189","147","Полтавська область","адміністративний будинок сільської ради, зал засідань
вул.Миру, 8А, с.Велика Рудка, Диканський р-н, Полтавська обл., 38540","760","362","747","42","362","36","398","","0","362","36","398","29","369","9","32","126","160","42","29.10.12"
"530190","147","Полтавська область","школа, спортивний зал, 1-й поверх
вул.Визволителів, 14, с.Водяна Балка, Диканський р-н, Полтавська обл., 38520","792","396","785","36","364","32","396","","0","364","32","396","23","373","14","33","137","155","34","29.10.12"
"530191","147","Полтавська область","дошкільний навчальний заклад ""Барвінок"", ігрова кімната, 1-й поверх
вул.Миру, 20А, с.Надежда, Диканський р-н, Полтавська обл., 38531","320","127","309","22","176","17","193","","0","176","17","193","8","185","4","10","38","83","50","29.10.12"
"530192","147","Полтавська область","сільський клуб-філіал, кабінет завідувача клубом
вул.Шкільна, 4, с.Нелюбівка, Диканський р-н, Полтавська обл., 38513","312","135","304","19","160","17","177","","0","160","17","177","13","164","3","14","65","66","16","29.10.12"
"530193","147","Полтавська область","сільський будинок культури, актовий зал
вул.Щорса, 3, с.Орданівка, Диканський р-н, Полтавська обл., 38510","816","451","801","73","298","67","365","","0","298","67","365","23","342","15","41","110","118","58","29.10.12"
"530194","147","Полтавська область","школа, спортивний зал, 1-й поверх
вул.Шкільна, 34А, с.Петро-Давидівка, Диканський р-н, Полтавська обл., 38511","504","226","495","47","232","46","278","","0","232","46","278","13","265","9","17","82","110","47","29.10.12"
"530195","147","Полтавська область","сільський будинок культури, зал обрядових послуг
вул.Яковенка, 23, с.Стасі, Диканський р-н, Полтавська обл., 38541","1912","912","1890","42","961","39","1000","","0","961","39","1000","66","934","33","44","461","318","78","29.10.12"
"530196","147","Полтавська область","спеціалізована школа-інтернат, фойє, 1-й поверх
вул.Жовтнева, 68, с.Михайлівка, Диканський р-н, Полтавська обл., 38542","184","68","178","22","99","17","116","","0","99","17","116","7","109","5","5","37","51","11","29.10.12"
"530197","147","Полтавська область","сільський будинок культури, актовий зал, 1-й поверх
вул.Центральна, 10, с.Чапаєвка, Диканський р-н, Полтавська обл., 38530","608","218","596","59","332","58","390","","0","332","58","390","20","370","7","12","91","181","79","29.10.12"
"530198","147","Полтавська область","приміщення районного будинку культури, зала
вул.Леніна, 38, м.Зіньків, Зіньківський р-н, Полтавська обл., 38100","2096","997","2063","44","1063","36","1099","","0","1063","36","1099","49","1050","33","60","219","679","59","29.10.12"
"530199","147","Полтавська область","адміністративний будинок районної державної адміністрації та районної ради, зал засідань
вул.Леніна, 40, м.Зіньків, Зіньківський р-н, Полтавська обл., 38100","2016","889","1996","34","1096","31","1127","","0","1096","31","1127","51","1076","33","51","264","654","74","29.10.12"
"530200","147","Полтавська область","будинок дитячої та юнацької творчості, актова зала
вул.Першотравнева, 3, м.Зіньків, Зіньківський р-н, Полтавська обл., 38100","1800","789","1791","68","953","58","1011","","0","953","58","1011","48","963","14","45","229","603","72","29.10.12"
"530201","147","Полтавська область","адміністративний будинок СТОВ ""Краяни"", зал засідань
вул.Гоголя, 20, м.Зіньків, Зіньківський р-н, Полтавська обл., 38100","1592","764","1560","38","790","38","828","","0","790","38","828","40","788","9","41","164","529","45","29.10.12"
"530202","147","Полтавська область","школа №3, спортзал
вул.Г.Северина, 1, м.Зіньків, Зіньківський р-н, Полтавська обл., 38100","624","246","628","19","361","17","378","","0","361","17","378","9","369","7","16","72","251","23","29.10.12"
"530203","147","Полтавська область","Сиверинівський сільський клуб, велика зала
вул.Леніна, 24, с.Сиверинівка, Зіньківський р-н, Полтавська обл., 38100","208","47","211","21","140","21","161","","0","140","21","161","4","157","3","4","49","92","9","29.10.12"
"530204","147","Полтавська область","Пилипенківський сільський клуб, мала зала
вул.Леніна, 13, с.Пилипенки, Зіньківський р-н, Полтавська обл., 38100","336","135","328","30","175","26","201","","0","175","26","201","4","197","6","9","33","139","10","29.10.12"
"530205","147","Полтавська область","приміщення Опішнянської селищної ради, зал засідань
вул.Перемоги, 3, смт Опішня, Зіньківський р-н, Полтавська обл., 38164","1160","465","1130","55","641","54","695","","0","641","54","695","25","670","36","18","265","301","50","29.10.12"
"530206","147","Полтавська область","будинок дитячої та юнацької творчості, актова зала
вул.Жовтнева, 8, смт Опішня, Зіньківський р-н, Полтавська обл., 38164","1248","522","1236","53","680","46","726","","0","680","46","726","46","680","28","32","263","322","35","29.10.12"
"530207","147","Полтавська область","спеціалізована художня школа-інтернат ""Колегіум мистецтв у Опішні"", спортивний зал
вул.Партизанська, 21, смт Опішня, Зіньківський р-н, Полтавська обл., 38164","1112","532","1105","57","525","55","580","","0","525","55","580","35","545","25","25","177","284","34","29.10.12"
"530208","147","Полтавська область","центр фізичного здоров’я населення ""Спорт для всіх ім. О.Губаря"", спортивний зал
вул.Нова, 86А, смт Опішня, Зіньківський р-н, Полтавська обл., 38164","984","442","969","38","511","31","542","","0","511","31","542","20","522","31","23","197","242","29","29.10.12"
"530209","147","Полтавська область","сільський клуб, актова зала
вул.Котилевська, 31, с.Міські Млини, Зіньківський р-н, Полтавська обл., 38164","272","100","278","48","125","47","172","","0","125","47","172","6","166","7","4","36","110","9","28.10.12"
"530210","147","Полтавська область","сільська рада, зал засідань
вул.Леніна, 40, с.Артелярщина, Зіньківський р-н, Полтавська обл., 38140","280","84","272","36","162","34","196","","0","162","34","196","9","187","6","5","33","139","4","29.10.12"
"530211","147","Полтавська область","приміщення школи, спортивний зал
вул.Молодіжна, 20, с.Батьки, Зіньківський р-н, Полтавська обл., 38160","512","242","500","41","239","31","270","","0","239","31","270","18","252","10","17","62","149","14","29.10.12"
"530212","147","Полтавська область","сільська рада, фойє
вул.Леніна, 57, с.Бірки, Зіньківський р-н, Полтавська обл., 38131","824","336","808","90","417","71","488","","0","417","71","488","16","472","9","17","97","311","38","29.10.12"
"530213","147","Полтавська область","сільський будинок культури, актовий зал
вул.Леніна, 13, с.Власівка, Зіньківський р-н, Полтавська обл., 38105","480","163","470","27","291","26","317","","0","291","26","317","8","309","2","16","33","237","21","29.10.12"
"530214","147","Полтавська область","сільський клуб, актовий зал
вул.Леніна, 12А, с.Соколівщина, Зіньківський р-н, Полтавська обл., 38105","216","78","205","43","100","38","138","","0","100","38","138","3","135","1","5","7","111","11","29.10.12"
"530215","147","Полтавська область","сільський будинок культури, танцювальний зал
вул.Кошового, 134А, с.Велика Павлівка, Зіньківський р-н, Полтавська обл., 38112","1272","496","1259","157","634","142","776","","0","634","142","776","25","751","27","25","198","464","37","29.10.12"
"530216","147","Полтавська область","сільський клуб, зал
вул.Леніна, 12, с.Високе, Зіньківський р-н, Полтавська обл., 38111","384","75","380","57","257","52","309","","0","257","52","309","7","302","6","14","67","187","28","29.10.12"
"530217","147","Полтавська область","сільський будинок культури, зал
вул.Леніна, 32, с.Дейкалівка, Зіньківський р-н, Полтавська обл., 38132","728","242","721","112","383","103","486","","0","383","103","486","20","466","9","15","92","324","26","28.10.12"
"530218","147","Полтавська область","сільський клуб, зал
вул.Шевченка, 3, с.Підозірка, Зіньківський р-н, Полтавська обл., 38132","152","40","150","24","90","22","112","","0","90","22","112","4","108","3","2","15","81","7","29.10.12"
"530219","147","Полтавська область","приміщення сільської ради, зал засідань
вул.Фрунзе, 2Б, с.Загрунівка, Зіньківський р-н, Полтавська обл., 38133","456","140","452","67","253","63","316","","0","253","63","316","19","297","4","11","90","167","25","29.10.12"
"530220","147","Полтавська область","сільський будинок культури, фойє
вул.40-річчя Перемоги, 25, с.Кирило-Ганнівка, Зіньківський р-н, Полтавська обл., 38151","528","213","520","62","261","54","315","","0","261","54","315","10","305","15","15","102","156","17","29.10.12"
"530221","147","Полтавська область","сільський будинок культури, зал
вул.Гагаріна, 66, с.Лютенські Будища, Зіньківський р-н, Полтавська обл., 38130","1008","378","996","144","505","125","630","","0","505","125","630","20","610","7","22","132","404","45","29.10.12"
"530222","147","Полтавська область","приміщення школи, спортивний зал
вул.Молодіжна, 5Б, с.Малі Будища, Зіньківський р-н, Полтавська обл., 38163","392","153","395","32","213","26","239","","0","213","26","239","9","230","5","8","37","159","21","29.10.12"
"530223","147","Полтавська область","сільський клуб, зал
вул.Молодіжна, 2, с.Глинське, Зіньківський р-н, Полтавська обл., 38163","144","43","142","16","86","15","101","","0","86","15","101","3","98","8","6","10","72","2","29.10.12"
"530224","147","Полтавська область","приміщення школи, спортивний зал
вул.Леніна, 33, с.Новоселівка, Зіньківський р-н, Полтавська обл., 38141","432","153","429","34","247","32","279","","0","247","32","279","7","272","2","5","54","188","23","29.10.12"
"530225","147","Полтавська область","сільський будинок культури, зал
вул.Гоголя, 33, с.Першотравневе, Зіньківський р-н, Полтавська обл., 38120","376","119","377","60","198","59","257","","0","198","59","257","11","246","9","15","55","142","25","29.10.12"
"530226","147","Полтавська область","приміщення школи, фойє
вул.Фрунзе, 76, с.Шенгаріївка, Зіньківський р-н, Полтавська обл., 38120","296","86","290","34","177","33","210","","0","177","33","210","9","201","5","7","58","115","16","29.10.12"
"530227","147","Полтавська область","приміщення сільської ради, зал засідань
вул.Калініна, 2, с.Пишненки, Зіньківський р-н, Полтавська обл., 38143","408","151","399","29","229","28","257","","0","229","28","257","11","246","8","12","42","169","15","29.10.12"
"530228","147","Полтавська область","приміщення колишньої школи, фойє
вул.Леніна, 2, с.Саранчівка, Зіньківський р-н, Полтавська обл., 38143","120","28","119","20","72","20","92","","0","72","20","92","2","90","1","1","27","48","13","28.10.12"
"530229","147","Полтавська область","приміщення сільської ради, зал засідань
вул.Леніна, 66, с.Покровське, Зіньківський р-н, Полтавська обл., 38142","472","119","467","49","306","47","353","","0","306","47","353","4","349","1","13","18","314","3","29.10.12"
"530230","147","Полтавська область","сільський будинок культури, зал
вул.В.Пилипенка, 37, с.Василе-Устимівка, Зіньківський р-н, Полтавська обл., 38142","160","41","153","25","95","24","119","","0","95","24","119","4","115","3","11","24","73","4","29.10.12"
"530231","147","Полтавська область","сільський клуб, зал
пров.Радянський, 2А, с.Попівка, Зіньківський р-н, Полтавська обл., 38161","680","284","677","45","358","38","396","","0","358","38","396","25","371","6","18","95","221","31","29.10.12"
"530232","147","Полтавська область","фельдшерсько-акушерський пункт, велика зала
вул.40-річчя Перемоги, 7А, с.Заїченці, Зіньківський р-н, Полтавська обл., 38162","248","86","239","31","131","31","162","","0","131","31","162","5","157","2","10","29","97","19","29.10.12"
"530233","147","Полтавська область","приміщення школи, фойє
вул.Леніна, 27, с.Проценки, Зіньківський р-н, Полтавська обл., 38122","688","232","680","77","382","74","456","","0","382","74","456","10","446","5","12","136","274","19","29.10.12"
"530234","147","Полтавська область","сільський клуб, фойє
вул.Жовтнева, 56, с.Довжик, Зіньківський р-н, Полтавська обл., 38123","328","104","317","38","187","37","224","","0","187","37","224","4","220","2","14","38","150","16","29.10.12"
"530235","147","Полтавська область","приміщення школи, актовий зал
вул.Шкільна, 4, с.Ставкове, Зіньківський р-н, Полтавська обл., 38152","680","268","667","90","326","86","412","","0","326","86","412","15","397","5","19","72","235","66","29.10.12"
"530236","147","Полтавська область","приміщення школи, спортивний зал
вул.Гагаріна, 21, с.Бобрівник, Зіньківський р-н, Полтавська обл., 38115","784","293","775","56","438","53","491","","0","438","53","491","18","473","9","42","111","295","16","29.10.12"
"530237","147","Полтавська область","приміщення школи, спортивний зал
вул.Леніна, 21, с.Тарасівка, Зіньківський р-н, Полтавська обл., 38113","952","402","940","69","482","68","550","","0","482","68","550","16","534","6","26","102","357","43","29.10.12"
"530238","147","Полтавська область","приміщення школи, спортивний зал
вул.Свердлова, 7, с.Комсомольське, Зіньківський р-н, Полтавська обл., 38114","472","131","461","65","278","63","341","","0","278","63","341","16","325","6","13","39","227","40","29.10.12"
"530239","147","Полтавська область","приміщення школи, фойє
вул.Центральна, 4, с.Удовиченки, Зіньківський р-н, Полтавська обл., 38110","576","198","568","90","294","84","378","","0","294","84","378","5","373","8","14","89","225","37","29.10.12"
"530240","147","Полтавська область","сільський клуб, малий зал
вул.Першотравнева, 7, с.Човно-Федорівка, Зіньківський р-н, Полтавська обл., 38150","584","205","579","50","329","50","379","","0","329","50","379","13","366","3","26","48","247","42","29.10.12"
"530241","147","Полтавська область","приміщення сільської ради, актовий зал
вул.Леніна, 21, с.Шилівка, Зіньківський р-н, Полтавська обл., 38124","600","189","598","80","338","73","411","","0","338","73","411","12","399","7","24","83","243","42","29.10.12"
"530242","147","Полтавська область","сільський клуб, зал
пров.Петрівський, 1, с.Петрівка, Зіньківський р-н, Полтавська обл., 38124","264","73","260","66","126","65","191","","0","126","65","191","5","186","3","17","21","118","27","28.10.12"
"530560","147","Полтавська область","школа, хол
вул.Леніна, 26, с.Білики, Миргородський р-н, Полтавська обл., 37661","760","264","748","70","432","64","496","","0","432","64","496","20","476","16","56","224","158","22","29.10.12"
"530561","147","Полтавська область","будинок культури, хол
вул.Р.Люксембург, 70, с.Велика Обухівка, Миргородський р-н, Полтавська обл., 37640","512","151","502","70","303","58","361","","0","303","58","361","9","352","5","11","166","145","25","29.10.12"
"530562","147","Полтавська область","будинок культури, хол
вул.Перемоги, 35, с.Великий Байрак, Миргородський р-н, Полтавська обл., 37644","768","232","748","90","452","84","536","","0","452","84","536","25","511","14","18","205","239","35","29.10.12"
"530563","147","Полтавська область","школа, хол
вул.Перемоги, 45, с.Великі Сорочинці, Миргородський р-н, Полтавська обл., 37645","1368","558","1345","86","733","77","810","","0","733","77","810","38","772","21","33","263","351","104","29.10.12"
"530564","147","Полтавська область","будинок культури, хол
вул.Гоголя, 26, с.Великі Сорочинці, Миргородський р-н, Полтавська обл., 37645","1480","626","1469","86","777","77","854","","0","777","77","854","53","801","34","33","228","433","73","29.10.12"
"530565","147","Полтавська область","сільський клуб, хол
вул.Миру, 2, с.Вовнянка, Миргородський р-н, Полтавська обл., 37601","352","118","342","34","201","33","234","","0","201","33","234","4","230","3","9","103","85","30","29.10.12"
"530566","147","Полтавська область","школа, спортивний зал
вул.Полякова, 17, с.Гаркушинці, Миргородський р-н, Полтавська обл., 37670","1264","552","1244","63","652","60","712","","0","652","60","712","22","690","61","69","240","266","54","29.10.12"
"530567","147","Полтавська область","школа, спортивний зал
вул.Шкільна, 2А, с.Дібрівка, Миргородський р-н, Полтавська обл., 37622","1064","502","1049","101","462","100","562","","0","462","100","562","24","538","10","59","149","224","96","29.10.12"
"530568","147","Полтавська область","навчально-виховний комплекс, хол
вул.Гурамішвілі, 2, с.Зубівка, Миргородський р-н, Полтавська обл., 37660","752","330","738","74","356","66","422","","0","356","66","422","8","414","17","10","261","113","13","29.10.12"
"530569","147","Полтавська область","фельдшерсько-акушерський пункт, хол
вул.Козака В., 29А, с.Руда, Миргородський р-н, Полтавська обл., 37660","136","32","127","18","89","15","104","","0","89","15","104","3","101","5","0","65","25","6","28.10.12"
"530570","147","Полтавська область","школа, хол
вул.Леніна, 18, с.Зуївці, Миргородський р-н, Полтавська обл., 37630","752","287","740","82","389","76","465","","0","389","76","465","18","447","12","15","215","184","21","29.10.12"
"530571","147","Полтавська область","школа, хол
вул.Чапаєва, 42, с.Кибинці, Миргородський р-н, Полтавська обл., 37654","872","387","861","75","423","62","485","","0","423","62","485","24","461","24","26","167","212","32","29.10.12"
"530572","147","Полтавська область","школа, хол
вул.Жовтнева, 35, с.Клюшниківка, Миргородський р-н, Полтавська обл., 37620","616","245","593","75","302","69","371","","0","302","69","371","23","348","10","19","110","133","76","29.10.12"
"530573","147","Полтавська область","сільський клуб, зал
вул.Ватутіна, 19, с.Гасенки, Миргородський р-н, Полтавська обл., 37621","272","93","263","35","148","31","179","","0","148","31","179","7","172","31","9","42","60","30","29.10.12"
"530574","147","Полтавська область","будинок культури, хол
вул.Леніна, 103, смт Комишня, Миргородський р-н, Полтавська обл., 37613","960","401","950","67","494","65","559","","0","494","65","559","29","530","20","83","163","189","75","29.10.12"
"530575","147","Полтавська область","школа, хол
вул.Леніна, 88, смт Комишня, Миргородський р-н, Полтавська обл., 37613","896","362","895","74","460","74","534","","0","460","74","534","25","509","17","61","158","177","96","29.10.12"
"530576","147","Полтавська область","школа, хол
вул.Шкільна, 1, с.Шульги, Миргородський р-н, Полтавська обл., 37615","192","81","187","19","94","17","111","","0","94","17","111","3","108","5","7","61","17","18","28.10.12"
"530577","147","Полтавська область","сільський будинок культури, зал
вул.Центральна, 1, с.Остапівка, Миргородський р-н, Полтавська обл., 37610","568","180","557","80","310","78","388","","0","310","78","388","21","367","6","72","174","103","12","29.10.12"
"530578","147","Полтавська область","сільський клуб, хол
вул.Центральна, 4А, с.Верхня Будаківка, Миргородський р-н, Полтавська обл., 37611","168","49","171","28","91","28","119","","0","91","28","119","2","117","0","21","54","32","10","29.10.12"
"530579","147","Полтавська область","школа, хол
вул.Шкільна, 36, с.Петрівці, Миргородський р-н, Полтавська обл., 37673","1280","560","1270","71","652","68","720","","0","652","68","720","42","678","27","42","240","301","68","29.10.12"
"530580","147","Полтавська область","дошкільний навчальний заклад, спортивний зал
вул.Садова, 6, с.Полив’яне, Миргородський р-н, Полтавська обл., 37663","496","191","498","69","240","65","305","","0","240","65","305","14","291","23","19","144","89","16","29.10.12"
"530581","147","Полтавська область","школа, хол
вул.Леніна, 96, с.Попівка, Миргородський р-н, Полтавська обл., 37633","1392","666","1367","102","636","90","726","","0","636","90","726","33","693","22","23","189","384","75","29.10.12"
"530582","147","Полтавська область","сільський клуб, зал
вул.Центральна, 30, с.Велика Грем’яча, Миргородський р-н, Полтавська обл., 37633","104","24","114","20","63","17","80","","0","63","17","80","2","78","5","5","25","36","7","29.10.12"
"530583","147","Полтавська область","школа, хол
вул.Шевченка, 5, смт Ромодан, Миргородський р-н, Полтавська обл., 37650","1600","715","1591","167","743","142","885","","0","743","142","885","47","838","68","33","271","393","73","29.10.12"
"530584","147","Полтавська область","школа, хол
вул.Леніна, 149, смт Ромодан, Миргородський р-н, Полтавська обл., 37650","504","153","501","82","271","80","351","","0","271","80","351","14","337","39","11","78","176","33","29.10.12"
"530585","147","Полтавська область","будинок культури, зал
вул.Леніна, 9, с.Шарківщина, Миргородський р-н, Полтавська обл., 37652","360","129","351","51","182","49","231","","0","182","49","231","11","220","4","6","139","50","21","29.10.12"
"530586","147","Полтавська область","школа, хол
вул.Леніна, 67, с.Савинці, Миргородський р-н, Полтавська обл., 37642","800","216","784","84","504","80","584","","0","504","80","584","16","568","126","11","125","251","55","28.10.12"
"530587","147","Полтавська область","сільський клуб, хол
вул.Шевченка, 26Б, с.Зелений Кут, Миргородський р-н, Полтавська обл., 37643","216","64","212","29","126","26","152","","0","126","26","152","7","145","4","6","90","42","3","29.10.12"
"530588","147","Полтавська область","сільський клуб, хол
вул.Гоголя, 13А, с.Олефірівка, Миргородський р-н, Полтавська обл., 37641","80","14","80","9","57","9","66","","0","57","9","66","2","64","7","2","31","13","11","29.10.12"
"530589","147","Полтавська область","сільський клуб, хол
вул.9 Травня, 6А, с.Семеренки, Миргородський р-н, Полтавська обл., 37641","96","32","92","11","53","11","64","","0","53","11","64","4","60","2","2","26","27","3","28.10.12"
"530590","147","Полтавська область","школа, хол
вул.Шевченка, 11, с.Слобідка, Миргородський р-н, Полтавська обл., 37674","368","112","350","24","235","21","256","","0","235","21","256","14","242","1","15","62","137","27","29.10.12"
"530591","147","Полтавська область","школа, хол
вул.Шевченка, 49, с.Мальці, Миргородський р-н, Полтавська обл., 37675","208","54","199","42","112","42","154","","0","112","42","154","2","152","2","9","39","89","13","29.10.12"
"530592","147","Полтавська область","школа, хол
вул.Молодіжна, 58, с.Солонці, Миргородський р-н, Полтавська обл., 37662","320","122","313","35","169","29","198","","0","169","29","198","5","193","7","7","71","91","17","28.10.12"
"530593","147","Полтавська область","сільський клуб, хол
вул.Лісова, 35, с.Мареничі, Миргородський р-н, Полтавська обл., 37663","120","30","118","11","81","9","90","","0","81","9","90","2","88","3","8","42","33","2","28.10.12"
"530594","147","Полтавська область","будинок культури, хол
вул.Леніна, 51, с.Хомутець, Миргородський р-н, Полтавська обл., 37634","1576","737","1559","105","738","101","839","","0","738","101","839","61","778","35","34","336","309","64","29.10.12"
"530595","147","Полтавська область","сільський клуб, зал
вул.Центральна, 12, с.Довгалівка, Миргородський р-н, Полтавська обл., 37634","176","58","174","20","98","20","118","","0","98","20","118","6","112","2","7","63","33","7","29.10.12"
"530596","147","Полтавська область","сільський клуб, зал
вул.Хомутецька, 48, с.Малі Сорочинці, Миргородський р-н, Полтавська обл., 37635","344","131","331","44","169","44","213","","0","169","44","213","10","203","2","10","86","99","6","29.10.12"
"530597","147","Полтавська область","сільський клуб, зал
вул.Лесі Українки, 22Б, с.Черевки, Миргородський р-н, Полтавська обл., 37631","400","117","391","49","236","47","283","","0","236","47","283","10","273","3","8","132","102","28","29.10.12"
"530598","147","Полтавська область","будинок культури, зал
вул.Лесі Українки, 39А, с.Бакумівка, Миргородський р-н, Полтавська обл., 37632","336","82","332","55","202","52","254","","0","202","52","254","8","246","23","7","121","72","23","29.10.12"
"530599","147","Полтавська область","школа, хол
вул.Леніна, 46, с.Черкащани, Миргородський р-н, Полтавська обл., 37612","512","271","498","57","190","51","241","","0","190","51","241","13","228","6","13","96","97","16","29.10.12"
"530600","147","Полтавська область","фельдшерсько-акушерський пункт, хол
вул.Черкащанська, 15, с.Мокріївка, Миргородський р-н, Полтавська обл., 37612","152","48","143","18","87","17","104","","0","87","17","104","5","99","2","3","68","26","0","29.10.12"
"530601","147","Полтавська область","будинок культури, хол
вул.Леніна, 56, с.Шахворостівка, Миргородський р-н, Полтавська обл., 37653","576","239","568","50","287","50","337","","0","287","50","337","9","328","6","11","62","185","64","29.10.12"
"530602","147","Полтавська область","школа, хол
вул.Першотравнева, 1, с.Трудолюб, Миргородський р-н, Полтавська обл., 37653","848","419","844","51","383","46","429","","0","383","46","429","10","419","13","33","164","163","46","29.10.12"
"530603","147","Полтавська область","будинок культури, хол
вул.Перемоги, 19, с.Ярмаки, Миргородський р-н, Полтавська обл., 37671","288","103","278","32","153","32","185","","0","153","32","185","4","181","6","5","62","98","10","29.10.12"
"530604","147","Полтавська область","сільський клуб, хол
вул.Леніна, 25, с.Єрки, Миргородський р-н, Полтавська обл., 37672","320","101","308","36","186","33","219","","0","186","33","219","5","214","8","15","60","118","13","29.10.12"
"530780","147","Полтавська область","районний будинок культури, фойє
вул.Леніна, 9, смт Решетилівка, Решетилівський р-н, Полтавська обл., 38400","1688","757","1684","53","883","48","931","","0","883","48","931","52","879","18","67","486","245","63","29.10.12"
"530781","147","Полтавська область","Решетилівська гімназія, фойє
вул.Леніна, 37, смт Решетилівка, Решетилівський р-н, Полтавська обл., 38400","1360","609","1355","27","728","23","751","","0","728","23","751","37","714","37","34","343","224","76","29.10.12"
"530782","147","Полтавська область","Решетилівський художній ліцей, фойє
вул.Леніна, 61, смт Решетилівка, Решетилівський р-н, Полтавська обл., 38400","1576","728","1561","38","812","36","848","","0","812","36","848","65","783","26","39","371","301","46","29.10.12"
"530783","147","Полтавська область","початкова школа, фойє
вул.Чапаєва, 9, смт Решетилівка, Решетилівський р-н, Полтавська обл., 38400","1144","551","1123","31","564","29","593","","0","564","29","593","20","573","19","33","284","170","67","29.10.12"
"530784","147","Полтавська область","Фрунзівський сільський клуб, фойє
вул.Фрунзе, 85, смт Решетилівка, Решетилівський р-н, Полтавська обл., 38400","1192","554","1168","31","609","29","638","","0","609","29","638","48","590","13","35","280","215","47","29.10.12"
"530785","147","Полтавська область","Шкурупіївський сільський клуб, фойє
вул.Тельмана, 10А, с.Шкурупіївка, Решетилівський р-н, Полтавська обл., 38400","296","140","293","12","144","12","156","","0","144","12","156","10","146","8","11","77","39","11","29.10.12"
"530786","147","Полтавська область","Новоселівський сільський клуб, фойє
вул.Новосанжарська, 10, смт Решетилівка, Решетилівський р-н, Полтавська обл., 38400","872","374","860","57","449","49","498","","0","449","49","498","28","470","17","26","224","112","91","29.10.12"
"530787","147","Полтавська область","Колотіївський сільський клуб, фойє
вул.Центральна, 26, с.Колотії, Решетилівський р-н, Полтавська обл., 38404","336","102","328","14","221","13","234","","0","221","13","234","17","217","23","16","98","47","33","29.10.12"
"530788","147","Полтавська область","Білоконівський сільський клуб, танцювальний зал
вул.Центральна, 55, с.Білоконі, Решетилівський р-н, Полтавська обл., 38400","200","81","198","14","107","12","119","","0","107","12","119","4","115","5","8","31","48","23","29.10.12"
"530789","147","Полтавська область","сільська рада, зал засідань
вул.Перемоги, 117, с.Демидівка, Решетилівський р-н, Полтавська обл., 38440","680","312","675","36","334","34","368","","0","334","34","368","17","351","11","17","167","124","32","29.10.12"
"530790","147","Полтавська область","фельдшерський пункт, приймальна
вул.Матросова, 14, с.Пустовари, Решетилівський р-н, Полтавська обл., 38440","304","141","302","10","155","8","163","","0","155","8","163","12","151","7","5","54","63","22","29.10.12"
"530791","147","Полтавська область","сільська рада, зал засідань
вул.Свердлова, 8, с-ще Жовтневе, Решетилівський р-н, Полтавська обл., 38413","1056","516","1047","35","506","34","540","","0","506","34","540","30","510","24","27","269","129","61","29.10.12"
"530792","147","Полтавська область","навчально-виховний комплекс, хол
вул.Свердлова, 27, с-ще Жовтневе, Решетилівський р-н, Полтавська обл., 38413","872","380","870","37","458","34","492","","0","458","34","492","22","470","32","14","266","109","49","29.10.12"
"530793","147","Полтавська область","сільський клуб, зал
вул.Незалежності, 1, с.Шкурупії, Решетилівський р-н, Полтавська обл., 38414","248","107","244","9","132","9","141","","0","132","9","141","7","134","16","6","47","41","24","29.10.12"
"530794","147","Полтавська область","сільська рада, зал засідань
вул.Леніна, 3, с.Каленики, Решетилівський р-н, Полтавська обл., 38431","424","127","421","47","256","41","297","","0","256","41","297","5","292","13","11","145","90","33","29.10.12"
"530795","147","Полтавська область","сільський клуб, фойє
вул.Жовтнева, 22, с.Хрещате, Решетилівський р-н, Полтавська обл., 38431","176","59","173","21","96","21","117","","0","96","21","117","117","0","0","0","0","0","0","29.10.12"
"530796","147","Полтавська область","сільська рада, актова зала
вул.40-річчя Перемоги, 8Б, с.Кукобівка, Решетилівський р-н, Полтавська обл., 38415","504","238","498","25","243","23","266","","0","243","23","266","11","255","15","16","107","94","23","29.10.12"
"530797","147","Полтавська область","сільська рада, зал засідань
вул.Миру, 1, с.Лобачі, Решетилівський р-н, Полтавська обл., 38420","416","185","408","52","185","46","231","","0","185","46","231","7","224","5","7","138","41","33","29.10.12"
"530798","147","Полтавська область","школа, фойє
вул.Молодіжна, 31, с.Глибока Балка, Решетилівський р-н, Полтавська обл., 38425","392","139","383","39","218","35","253","","0","218","35","253","19","234","19","11","103","53","48","29.10.12"
"530799","147","Полтавська область","сільська рада, зал засідань
вул.Решетилівська, 30, с.Лиман Перший, Решетилівський р-н, Полтавська обл., 38443","440","141","435","39","260","39","299","","0","260","39","299","17","282","19","19","115","74","55","29.10.12"
"530800","147","Полтавська область","сільська рада, зал засідань
вул.Жовтнева, 10, с.Лиман Другий, Решетилівський р-н, Полтавська обл., 38421","408","142","404","40","232","34","266","","0","232","34","266","10","256","2","12","136","73","33","29.10.12"
"530801","147","Полтавська область","сільський клуб, фойє
вул.Берегова, 46, с.Братешки, Решетилівський р-н, Полтавська обл., 38422","216","67","213","33","117","32","149","","0","117","32","149","12","137","1","6","76","42","12","28.10.12"
"530802","147","Полтавська область","адміністративний будинок, зал засідань
вул.Центральна, 1, с.Малий Бакай, Решетилівський р-н, Полтавська обл., 38423","376","173","362","48","160","43","203","","0","160","43","203","10","193","8","9","77","64","35","29.10.12"
"530803","147","Полтавська область","фельдшерський пункт, приймальна
пров.Клубний, 2, с.Мушти, Решетилівський р-н, Полтавська обл., 38423","208","64","200","17","129","15","144","","0","129","15","144","14","130","8","12","53","40","17","28.10.12"
"530804","147","Полтавська область","школа, хол
вул.Центральна, 7, с.М’якеньківка, Решетилівський р-н, Полтавська обл., 38433","432","174","436","48","211","47","258","","0","211","47","258","13","245","12","7","122","75","29","29.10.12"
"530805","147","Полтавська область","школа, хол
пров.Шкільний, 3, с.Михнівка, Решетилівський р-н, Полтавська обл., 38434","304","70","296","42","193","41","234","","0","193","41","234","6","228","27","4","119","55","23","29.10.12"
"530806","147","Полтавська область","сільський клуб, зал
вул.Калініна, 50, с.Нова Михайлівка, Решетилівський р-н, Полтавська обл., 38411","552","248","540","37","269","35","304","","0","269","35","304","12","292","17","9","144","86","36","29.10.12"
"530807","147","Полтавська область","сільський клуб, зал
вул.Свердлова, 60А, с.Піщане, Решетилівський р-н, Полтавська обл., 38410","840","434","830","46","364","42","406","","0","364","42","406","23","383","14","23","169","124","53","29.10.12"
"530808","147","Полтавська область","Сільський будинок культури, фойє
вул.Молодіжна, 19, с.Пащенки, Решетилівський р-н, Полтавська обл., 38451","416","159","406","20","239","18","257","","0","239","18","257","4","253","19","13","108","91","22","29.10.12"
"530809","147","Полтавська область","сільська рада, зал засідань
вул.Миру, 2, с.Плоске, Решетилівський р-н, Полтавська обл., 38441","616","281","607","49","291","44","335","","0","291","44","335","17","318","21","9","208","64","16","29.10.12"
"530810","147","Полтавська область","школа, хол
вул.Шкільна, 26, с.Потічок, Решетилівський р-н, Полтавська обл., 38442","568","223","568","32","314","31","345","","0","314","31","345","18","327","14","23","167","76","47","29.10.12"
"530811","147","Полтавська область","адміністративний будинок, зал засідань
вул.Щорса, 4, с.Сухорабівка, Решетилівський р-н, Полтавська обл., 38432","752","317","751","105","342","93","435","","0","342","93","435","10","425","9","11","153","185","67","29.10.12"
"530812","147","Полтавська область","сільська рада, зал засідань
вул.Кірова, 64, с.Федіївка, Решетилівський р-н, Полтавська обл., 38412","520","226","508","30","265","29","294","","0","265","29","294","15","279","25","15","151","57","31","29.10.12"
"530813","147","Полтавська область","магазин райспоживспілки, торговий зал
вул.Коваленка, 1А, с.Дружба, Решетилівський р-н, Полтавська обл., 38450","256","85","249","36","139","32","171","","0","139","32","171","6","165","4","12","73","46","30","29.10.12"
"530814","147","Полтавська область","адміністративний будинок, зал для голосування
вул.Леніна, 1А, с.Шевченкове, Решетилівський р-н, Полтавська обл., 38450","408","125","430","67","220","63","283","","0","220","63","283","18","265","6","11","113","109","26","29.10.12"
"530815","147","Полтавська область","школа, столова
вул.Діброви, 44, с.Шамраївка, Решетилівський р-н, Полтавська обл., 38452","328","133","314","8","188","7","195","","0","188","7","195","9","186","8","7","87","71","13","29.10.12"
"530816","147","Полтавська область","сільський клуб, фойє
вул.Леніна, 9, с.Шилівка, Решетилівський р-н, Полтавська обл., 38430","352","105","345","36","211","36","247","","0","211","36","247","21","226","13","7","82","71","53","29.10.12"
"530817","147","Полтавська область","сільський клуб, фойє
вул.Шевченка, 53, с.Онищенки, Решетилівський р-н, Полтавська обл., 38430","264","89","262","41","140","35","175","","0","140","35","175","1","174","17","11","68","36","42","29.10.12"
"530960","147","Полтавська область","районний будинок культури, фойє
вул.Партизанська, 7, с-ще Шишаки, Шишацький р-н, Полтавська обл., 38000","1192","467","1198","72","659","66","725","","0","659","66","725","36","689","28","42","214","300","105","29.10.12"
"530961","147","Полтавська область","ВАТ ""Ремонтно-транспортне підприємство"", зал засідань
вул.Павлика, 2, с-ще Шишаки, Шишацький р-н, Полтавська обл., 38000","1168","528","1155","50","597","43","640","","0","597","43","640","50","590","32","28","201","248","81","29.10.12"
"530962","147","Полтавська область","школа, фойє
вул.Комсомольська, 9, с-ще Шишаки, Шишацький р-н, Полтавська обл., 38000","1160","443","1145","53","669","48","717","","0","669","48","717","32","685","48","46","239","251","101","29.10.12"
"530963","147","Полтавська область","ТОВ ""Комбікормовий завод"", фойє
вул.Фурманова, 20, с-ще Шишаки, Шишацький р-н, Полтавська обл., 38000","672","274","671","35","367","31","398","","0","366","31","397","9","388","33","25","159","131","40","29.10.12"
"530964","147","Полтавська область","сільський клуб, фойє
вул.Валентина Коробки, 2, с.Хвощове, Шишацький р-н, Полтавська обл., 38005","304","71","301","29","204","29","233","","0","204","29","233","11","222","15","17","58","108","24","29.10.12"
"530965","147","Полтавська область","будинок механізатора, фойє
вул.Ставкова, 2, с.Товсте, Шишацький р-н, Полтавська обл., 38006","320","130","317","52","141","49","190","","0","141","49","190","2","188","4","8","26","123","27","28.10.12"
"530966","147","Полтавська область","сільська рада, зал засідань
вул.Молодіжна, 211, с.Баранівка, Шишацький р-н, Полтавська обл., 38021","440","159","440","48","237","44","281","","0","237","44","281","12","269","16","11","57","144","41","29.10.12"
"530967","147","Полтавська область","школа, фойє
вул.Леніна, 29, с.Велика Бузова, Шишацький р-н, Полтавська обл., 38041","416","153","406","56","209","54","263","","0","209","54","263","10","253","9","20","45","142","37","28.10.12"
"530968","147","Полтавська область","контора агрофірми ім.Довженка, зал засідань
вул.Молодіжна, 15, с.Тищенки, Шишацький р-н, Полтавська обл., 38042","520","207","507","66","256","57","313","","0","256","57","313","14","299","6","9","38","170","76","29.10.12"
"530969","147","Полтавська область","школа, спортзал
вул.Шевченка, 87, с.Великий Перевіз, Шишацький р-н, Полтавська обл., 38020","648","237","643","47","370","41","411","","0","370","41","411","15","396","17","12","130","154","83","29.10.12"
"530970","147","Полтавська область","будинок культури, фойє
вул.Гоголя, 1, с.Самари, Шишацький р-н, Полтавська обл., 38020","280","131","254","27","124","25","149","","0","124","25","149","8","141","4","8","46","67","16","29.10.12"
"530971","147","Полтавська область","будинок культури, фойє
вул.Центральна, 22, с.Воскобійники, Шишацький р-н, Полтавська обл., 38012","808","338","799","61","411","59","470","","0","411","59","470","20","450","8","23","178","169","72","29.10.12"
"530972","147","Полтавська область","школа, спортзал
вул.Жовтнева, 6, с.Гоголеве, Шишацький р-н, Полтавська обл., 38040","848","375","837","93","384","89","473","","0","384","89","473","39","434","16","28","133","170","87","29.10.12"
"530973","147","Полтавська область","школа, актовий зал
вул.Центральна, 76, с.Жоржівка, Шишацький р-н, Полтавська обл., 38022","528","156","515","74","302","70","372","","0","302","70","372","11","361","5","20","96","151","89","29.10.12"
"530974","147","Полтавська область","будинок культури, фойє
вул.А.Семидідька, 3, с.Ковалівка, Шишацький р-н, Полтавська обл., 38010","568","182","562","52","337","49","386","","0","337","49","386","23","363","6","35","109","175","38","29.10.12"
"530975","147","Полтавська область","будинок культури, фойє
вул.Незалежності, 71, с.Ковердина Балка, Шишацький р-н, Полтавська обл., 38014","504","233","495","59","217","54","271","","0","217","54","271","27","244","4","15","97","84","44","29.10.12"
"530976","147","Полтавська область","школа, актовий зал
вул.Новоселівка ІІ, 12, с.Куйбишеве, Шишацький р-н, Полтавська обл., 38011","432","165","422","46","224","43","267","","0","224","43","267","13","254","3","19","55","149","28","29.10.12"
"530977","147","Полтавська область","школа, актовий зал
вул.Гагаріна, 16, с.Михайлики, Шишацький р-н, Полтавська обл., 38013","872","383","857","70","424","65","489","","0","424","65","489","31","458","15","16","135","226","66","29.10.12"
"530978","147","Полтавська область","будинок культури, фойє
вул.Полтавська, 8, с.Пришиб, Шишацький р-н, Полтавська обл., 38023","632","279","615","73","286","67","353","","0","286","67","353","19","334","1","15","62","210","46","29.10.12"
"530979","147","Полтавська область","школа, спортзал
вул.Дружби, 11, с.Сагайдак, Шишацький р-н, Полтавська обл., 38033","1160","510","1148","103","551","99","650","","0","551","99","650","26","624","11","65","238","240","70","29.10.12"
"530980","147","Полтавська область","сільська рада, зал засідань
вул.Шевченка, 64/1, с.Федунка, Шишацький р-н, Полтавська обл., 38032","480","171","470","69","247","62","309","","0","247","62","309","16","293","12","24","96","135","26","29.10.12"
"530981","147","Полтавська область","будинок культури, фойє
вул.Леніна, 48, с.Яреськи, Шишацький р-н, Полтавська обл., 38030","1944","827","1931","144","982","135","1117","","0","982","135","1117","75","1042","26","55","467","377","117","29.10.12"
"530982","147","Полтавська область","школа, спортзал
вул.Миру, 1, с.Яреськи, Шишацький р-н, Полтавська обл., 38034","1584","688","1573","55","849","47","896","","0","849","47","896","42","854","20","77","382","249","126","29.10.12"
"531022","147","Полтавська область","ПТУ №44, актова зала
вул.Козацька, 26/141, м.Миргород, Полтавська обл., 37600","2080","990","2058","35","1059","31","1090","","0","1059","31","1090","46","1044","51","79","385","348","181","29.10.12"
"531023","147","Полтавська область","школа №1, коридор
вул.Гоголя, 173/2, м.Миргород, Полтавська обл., 37600","1520","686","1502","26","812","22","834","","0","812","22","834","50","784","43","34","321","297","89","29.10.12"
"531024","147","Полтавська область","центр культури та дозвілля, актова зала
вул.Личанська, 60/23, м.Миргород, Полтавська обл., 37600","1944","889","1921","79","984","71","1055","","0","984","71","1055","37","1018","59","61","360","408","130","29.10.12"
"531025","147","Полтавська область","центр еколого-натуралістичної творчості учнівської молоді, актова зала
вул.Боровиковського, 66/1, м.Миргород, Полтавська обл., 37600","1872","931","1858","50","894","47","941","","0","894","47","941","51","890","47","63","363","310","107","29.10.12"
"531026","147","Полтавська область","спецшкола-інтернат, актова зала
вул.Старосвітська, 52/15, м.Миргород, Полтавська обл., 37600","1896","846","1863","39","1017","33","1050","","0","1017","33","1050","60","990","43","34","391","352","170","29.10.12"
"531027","147","Полтавська область","школа №5, коридор
вул.Івана Білика, 4, м.Миргород, Полтавська обл., 37600","1808","720","1797","45","1051","37","1088","","0","1051","37","1088","41","1047","46","34","401","388","178","29.10.12"
"531028","147","Полтавська область","школа №9, їдальня
вул.Перемоги, 11, м.Миргород, Полтавська обл., 37600","1816","894","1804","36","892","30","922","","0","892","30","922","70","852","33","51","370","294","104","29.10.12"
"531029","147","Полтавська область","школа №7, їдальня
вул.Багачанська, 51, м.Миргород, Полтавська обл., 37600","2056","977","2032","20","1060","19","1079","","0","1060","19","1079","75","1004","65","46","236","413","244","29.10.12"
"531030","147","Полтавська область","школа №7, коридор
вул.Багачанська, 51, м.Миргород, Полтавська обл., 37600","1568","902","1547","16","650","16","666","","0","649","16","665","49","616","59","45","211","223","78","29.10.12"
"531031","147","Полтавська область","художньо-промисловий коледж, актова зала
вул.Гоголя, 146, м.Миргород, Полтавська обл., 37600","2032","1002","2012","36","998","32","1030","","0","998","32","1030","46","984","48","56","400","347","133","29.10.12"
"531032","147","Полтавська область","ПрАТ ЛОЗ ""Миргородкурорт"", хол будинку культури
вул.Гоголя, 112, м.Миргород, Полтавська обл., 37600","1280","623","1267","29","630","27","657","","0","629","27","656","24","632","31","53","282","205","61","29.10.12"
"531033","147","Полтавська область","міський будинок культури, актова зала
вул.Київська, 1, м.Миргород, Полтавська обл., 37600","1848","865","1826","82","907","76","983","","0","907","76","983","39","944","41","62","385","343","113","29.10.12"
"531034","147","Полтавська область","гімназія ім.Т.Г.Шевченка, їдальня
вул.Гоголя, 90, м.Миргород, Полтавська обл., 37600","1992","828","1964","31","1137","27","1164","","0","1137","27","1164","60","1104","54","38","480","401","131","29.10.12"
"531035","147","Полтавська область","школа №9, хол
вул.Перемоги, 11, м.Миргород, Полтавська обл., 37600","1760","805","1750","24","935","20","955","","0","935","20","955","52","903","38","52","329","302","182","29.10.12"
"531036","147","Полтавська область","станція юних техніків, коридор
вул.Сорочинська, 88/205, м.Миргород, Полтавська обл., 37600","1936","982","1911","29","926","28","954","","0","926","28","954","50","904","27","37","414","316","110","29.10.12"
"531037","147","Полтавська область","школа №3, актова зала
вул.Гоголя, 10, м.Миргород, Полтавська обл., 37600","1544","746","1532","21","779","19","798","","0","779","19","798","44","754","31","42","324","283","74","29.10.12"
"531038","147","Полтавська область","школа №3, рекреація корпусу №2
вул.Гоголя, 10, м.Миргород, Полтавська обл., 37600","2008","1012","1961","41","956","40","996","","0","956","40","996","68","928","42","41","349","349","147","29.10.12"
"531039","147","Полтавська область","ОКВП ВКГ ""Миргородводоканал"", актова зала
вул.Шишацька, 82, м.Миргород, Полтавська обл., 37600","2032","1077","2009","16","940","15","955","","0","940","15","955","71","884","36","52","373","321","102","29.10.12"
