"№ ВД","OBO","Назва регіону України","Місцезнаходження та адреса приміщення для голосування","1) К-сть одержаних бюлетенів","2) К-сть невикористаних бюлетенів","3) К-сть виборців, внесених до списку виборців","4) К-сть виборців, внесених до витягу зі списку виборців","5) К-сть виборців, які отримали бюлетені у приміщенні","6) К-сть виборців, які отримали за місцем перебування","7) Сумарна к-сть виборців, які отримали бюлетені","8) К-сть бюлетенів, що виявилися у кожній скринці","9) К-сть бюлетенів, що не підлягають врахуванню","10) К-сть виборців, які взяли участь у голос. у приміщенні для гол.","11) К-сть виборців, які взяли участь у голос. за місцем перебування","12) К-сть виборців, які взяли участь у голосуванні на виборчій дільниці","13) К-сть бюлетенів, визнаних недійсними","14) Сумарна к-сть голосів виборців ЗА","Бриченко
Ігор
Віталійович","Ольшевський
Фелікс
Вікторович","Орєхова
Олена
Володимирівна","Скорий
Микола
Вікторович","Чорноморець
Сергій
Григорович","Дата підписання протоколу"
"480028","130","Миколаївська область","районний палац культури, хол
вул.Баштанської республіки, 40, м.Баштанка, Баштанський р-н, Миколаївська обл., 56101","1976","1001","1938","62","915","60","975","","0","915","60","975","55","920","536","308","11","56","9","29.10.12"
"480029","130","Миколаївська область","гімназія, спортзал
вул.Карла Маркса, 53, м.Баштанка, Баштанський р-н, Миколаївська обл., 56101","1760","871","1740","38","851","38","889","","0","851","38","889","35","854","442","344","15","44","9","29.10.12"
"480030","130","Миколаївська область","школа №2, спортзал, 1-й поверх
вул.Ювілейна, 102, м.Баштанка, Баштанський р-н, Миколаївська обл., 56101","2016","1042","1992","31","945","29","974","","0","945","29","974","48","926","524","302","23","62","15","29.10.12"
"480031","130","Миколаївська область","міський культурний центр, к.1, 2-й поверх
вул.Олександра Сизоненка, 1Б, м.Баштанка, Баштанський р-н, Миколаївська обл., 56101","1424","742","1430","29","657","25","682","","0","657","25","682","33","649","317","254","26","43","9","29.10.12"
"480032","130","Миколаївська область","управління зрошувальних систем, актова зала
вул.Соборна, 100, м.Баштанка, Баштанський р-н, Миколаївська обл., 56101","1520","817","1507","35","671","32","703","","0","671","32","703","33","670","404","196","14","50","6","29.10.12"
"480033","130","Миколаївська область","відділ освіти райдержадміністрації, хол
вул.Полтавська, 41, м.Баштанка, Баштанський р-н, Миколаївська обл., 56101","1768","778","1757","52","944","46","990","","0","944","46","990","28","962","517","335","8","92","10","29.10.12"
"480034","130","Миколаївська область","сільський клуб, глядацький зал
вул.Центральна, 21, с.Шевченко, Баштанський р-н, Миколаївська обл., 56101","136","62","126","4","70","4","74","","0","70","4","74","5","69","42","20","2","5","0","29.10.12"
"480035","130","Миколаївська область","сільський клуб, глядацький зал
вул.Малиновського, 18, с.Зелений Яр, Баштанський р-н, Миколаївська обл., 56101","112","32","111","1","80","0","80","","0","80","0","80","2","78","37","31","2","6","2","29.10.12"
"480036","130","Миколаївська область","холл сільського клубу
вул.Перемоги, 21, с-ще Андріївка, Баштанський р-н, Миколаївська обл., 56101","128","31","131","0","97","0","97","","0","97","0","97","5","92","25","56","2","7","2","29.10.12"
"480037","130","Миколаївська область","школа, спортзал
вул.Центральна, 57, с.Добре, Баштанський р-н, Миколаївська обл., 56156","1224","759","1204","52","425","40","465","","0","425","40","465","26","439","205","175","12","39","8","29.10.12"
"480038","130","Миколаївська область","школа, вестибюль
вул.Лесі Українки, 40, с.Новоєгорівка, Баштанський р-н, Миколаївська обл., 56157","1072","656","1063","29","390","26","416","","0","390","26","416","27","389","146","175","14","47","7","29.10.12"
"480039","130","Миколаївська область","будинок культури, фойє
вул.Центральна, 3, с.Добра Криниця, Баштанський р-н, Миколаївська обл., 56172","784","415","772","32","337","32","369","","0","337","32","369","23","346","106","177","10","47","6","29.10.12"
"480040","130","Миколаївська область","школа, фойє
вул.Центральна, 3, с.Мар’янівка, Баштанський р-н, Миколаївська обл., 56172","304","133","290","15","156","15","171","","0","156","15","171","2","169","98","61","4","5","1","29.10.12"
"480041","130","Миколаївська область","школа, вестибюль
вул.Молодіжна, 2А, с.Єрмолівка, Баштанський р-н, Миколаївська обл., 56120","272","94","264","19","159","19","178","","0","159","19","178","6","172","46","57","2","65","2","29.10.12"
"480042","130","Миколаївська область","школа, вестибюль
вул.Шкільна, 36, с.Новоукраїнка, Баштанський р-н, Миколаївська обл., 56120","224","67","218","7","154","3","157","","0","154","3","157","11","146","51","77","7","8","3","29.10.12"
"480043","130","Миколаївська область","сільська рада, обрядовий зал
вул.Травнева, 41, с.Інгулка, Баштанський р-н, Миколаївська обл., 56170","1520","709","1505","70","744","67","811","","0","744","67","811","52","759","276","368","17","84","14","29.10.12"
"480044","130","Миколаївська область","школа, вестибюль
вул.Центральна, 6, с.Кашперо-Миколаївка, Баштанський р-н, Миколаївська обл., 56140","392","160","378","4","229","3","232","","0","229","3","232","12","220","79","93","7","41","0","29.10.12"
"480045","130","Миколаївська область","школа, коридор
вул.Нагорна, 1, с.Новопетрівка, Баштанський р-н, Миколаївська обл., 56140","264","133","257","6","126","5","131","","0","126","5","131","7","124","46","70","2","4","2","29.10.12"
"480046","130","Миколаївська область","школа, вестибюль
вул.Івана Франка, 8Г, с.Костичі, Баштанський р-н, Миколаївська обл., 56160","640","307","631","18","315","18","333","","0","315","18","333","21","312","105","150","15","34","8","29.10.12"
"480047","130","Миколаївська область","сільський клуб, вестибюль
вул.Драгунова, 43, с.Лобріївка, Баштанський р-н, Миколаївська обл., 56160","224","76","148","28","120","28","148","","0","120","28","148","12","136","78","50","3","3","2","01.11.12"
"480048","130","Миколаївська область","школа, вестибюль
вул.Щербака, 13, с.Леніне, Баштанський р-н, Миколаївська обл., 56123","544","269","533","31","244","31","275","","0","244","31","275","5","270","137","106","7","17","3","29.10.12"
"480049","130","Миколаївська область","сільський клуб, к.1
вул.Центральна, 16, с.Михайлівка, Баштанський р-н, Миколаївська обл., 56123","96","68","87","4","24","4","28","","0","24","4","28","1","27","12","10","0","3","2","29.10.12"
"480050","130","Миколаївська область","школа, спортзал
вул.Шкільна, 1, с-ще Лоцкине, Баштанський р-н, Миколаївська обл., 56180","1328","730","1314","69","548","50","598","","0","548","50","598","40","558","192","261","22","76","7","29.10.12"
"480051","130","Миколаївська область","школа, вестибюль
пров.Чорноморський, 1А, с-ще Перемога, Баштанський р-н, Миколаївська обл., 56180","352","180","347","8","167","5","172","","0","167","5","172","11","161","53","86","6","15","1","29.10.12"
"480052","130","Миколаївська область","школа, актова зала
вул.Шкільна, 35, с.Мар’ївка, Баштанський р-н, Миколаївська обл., 56174","808","402","798","29","381","25","406","","0","381","25","406","28","378","107","187","15","49","20","29.10.12"
"480053","130","Миколаївська область","школа, вестибюль
вул.Миру, 49, с.Виноградівка, Баштанський р-н, Миколаївська обл., 56174","1056","578","1040","52","442","36","478","","0","442","36","478","45","433","155","201","23","41","13","29.10.12"
"480054","130","Миколаївська область","школа, фойє
вул.Одеська, 1, с.Новоіванівка, Баштанський р-н, Миколаївська обл., 56153","512","210","502","29","275","27","302","","0","275","27","302","17","285","116","123","6","33","7","28.10.12"
"480055","130","Миколаївська область","школа, спортивна зала
вул.Олександра Сизоненка, 56А, с.Новоолександрівка, Баштанський р-н, Миколаївська обл., 56182","672","332","660","33","312","28","340","","0","312","28","340","22","318","115","145","8","43","7","29.10.12"
"480056","130","Миколаївська область","школа, вестибюль
вул.Леніна, 42, с.Новопавлівка, Баштанський р-н, Миколаївська обл., 56137","512","184","511","31","298","30","328","","0","298","30","328","16","312","153","118","7","29","5","29.10.12"
"480057","130","Миколаївська область","сільський клуб, актова зала
вул.Чапаєва, 1, с.Зелений Клин, Баштанський р-н, Миколаївська обл., 56137","88","13","89","6","69","6","75","","0","69","6","75","3","72","39","29","1","3","0","29.10.12"
"480058","130","Миколаївська область","школа, спортзал
вул.Центральна, 35, с.Новосергіївка, Баштанський р-н, Миколаївська обл., 56134","296","122","290","17","159","15","174","","0","159","15","174","8","166","59","83","5","19","0","29.10.12"
"480059","130","Миколаївська область","школа, к.1
вул.Миру, 49, с.Тарасівка, Баштанський р-н, Миколаївська обл., 56134","128","54","123","5","69","5","74","","0","69","5","74","9","65","23","27","5","8","2","29.10.12"
"480060","130","Миколаївська область","школа, вестибюль
вул.Центральна, 44, с.Піски, Баштанський р-н, Миколаївська обл., 56150","704","272","702","41","391","41","432","","0","391","41","432","35","397","164","147","18","62","6","29.10.12"
"480061","130","Миколаївська область","магазин райспоживспілки, к.1
вул.Жовтнева, 64, с.Костянтинівка, Баштанський р-н, Миколаївська обл., 56150","264","98","251","6","160","6","166","","0","160","6","166","17","149","70","43","13","20","3","29.10.12"
"480062","130","Миколаївська область","школа, фойє
вул.Шкільна, 2, с.Плющівка, Баштанський р-н, Миколаївська обл., 56143","608","227","606","18","363","18","381","","0","363","18","381","20","361","133","172","14","37","5","29.10.12"
"480063","130","Миколаївська область","сільський клуб, глядацький зал
вул.Українська, 37А, с.Новогеоргіївка, Баштанський р-н, Миколаївська обл., 56143","280","85","280","7","189","6","195","","0","189","6","195","18","177","89","47","12","24","5","28.10.12"
"480064","130","Миколаївська область","будинок культури, диско-зал
вул.Перемоги, 244, с.Привільне, Баштанський р-н, Миколаївська обл., 56130","1608","807","1579","135","679","122","801","","0","679","122","801","21","780","307","313","16","129","15","29.10.12"
"480065","130","Миколаївська область","будинок культури, глядацький зал
вул.Мальцева, 41, с.Новобірзулівка, Баштанський р-н, Миколаївська обл., 56130","128","52","120","5","72","4","76","","0","72","4","76","3","73","28","42","0","2","1","29.10.12"
"480066","130","Миколаївська область","школа, шкільна світлиця
вул.Леніна, 2, с.Старогорожене, Баштанський р-н, Миколаївська обл., 56135","736","437","719","32","280","19","299","","0","280","19","299","20","279","127","116","6","26","4","29.10.12"
"480067","130","Миколаївська область","школа, актова зала
вул.Приінгульська, 94, с.Христофорівка, Баштанський р-н, Миколаївська обл., 56162","696","334","678","23","344","18","362","","0","344","18","362","17","345","95","158","8","78","6","29.10.12"
"480068","130","Миколаївська область","школа, спортзал
вул.Грушевського, 30, с.Явкине, Баштанський р-н, Миколаївська обл., 56165","960","514","941","61","385","61","446","","0","385","61","446","19","427","143","199","11","69","5","29.10.12"
"480069","130","Миколаївська область","Баштанська центральна районна лікарня, актова зала, 1-й поверх
вул.Ювілейна, 3, м.Баштанка, Баштанський р-н, Миколаївська обл., 56101","160","132","44","17","15","13","28","","0","15","13","28","0","28","11","15","0","1","1","28.10.12"
"480097","130","Миколаївська область","школа №1, кабінет фізики
вул.Леніна, 24, смт Березнегувате, Березнегуватський р-н, Миколаївська обл., 56203","1440","722","1420","29","699","19","718","","0","699","19","718","32","686","230","146","3","300","7","29.10.12"
"480098","130","Миколаївська область","районний будинок культури, ""зелений зал""
пл.Леніна, 6, смт Березнегувате, Березнегуватський р-н, Миколаївська обл., 56203","1376","620","1375","33","726","30","756","","0","726","30","756","19","737","247","194","14","277","5","29.10.12"
"480099","130","Миколаївська область","професійний ліцей, зал-їдальня
вул.Піонерська, 85, смт Березнегувате, Березнегуватський р-н, Миколаївська обл., 56203","848","439","826","8","401","8","409","","0","401","8","409","18","391","157","87","3","139","5","29.10.12"
"480100","130","Миколаївська область","середня школа, молодший корпус, спортзал
вул.Партизанська, 18, смт Березнегувате, Березнегуватський р-н, Миколаївська обл., 56203","584","286","576","11","290","8","298","","0","290","8","298","14","284","82","68","5","127","2","30.10.12"
"480101","130","Миколаївська область","управління експлуатації газового господарства, актовий зал
вул.Нахімова, 19, смт Березнегувате, Березнегуватський р-н, Миколаївська обл., 56203","784","415","764","17","354","15","369","","0","354","15","369","18","351","154","77","4","110","6","29.10.12"
"480102","130","Миколаївська область","школа №2, клас
вул.1-шеТравня, 12, смт Березнегувате, Березнегуватський р-н, Миколаївська обл., 56203","944","479","938","11","454","11","465","","0","454","11","465","21","444","188","103","5","143","5","29.10.12"
"480103","130","Миколаївська область","школа, 1 клас
вул.Шевченка, 48, с.Червонопілля, Березнегуватський р-н, Миколаївська обл., 56200","136","40","128","7","89","7","96","","0","89","7","96","4","92","32","38","0","20","2","28.10.12"
"480104","130","Миколаївська область","сільська рада, зал засідань
вул.Ф.М.Кузьменка, 48, с.Біла Криниця, Березнегуватський р-н, Миколаївська обл., 56250","272","105","266","19","153","14","167","","0","153","14","167","6","161","38","42","0","81","0","29.10.12"
"480105","130","Миколаївська область","будинок культури, фойє
вул.Леніна, 33, с.Висунськ, Березнегуватський р-н, Миколаївська обл., 56240","752","424","746","13","316","12","328","","0","316","12","328","17","311","195","50","7","57","2","29.10.12"
"480106","130","Миколаївська область","сільська рада, актовий зал
вул.Ковтюха, 3, с.Висунськ, Березнегуватський р-н, Миколаївська обл., 56240","872","457","858","13","403","12","415","","0","402","12","414","13","401","212","74","7","102","6","29.10.12"
"480107","130","Миколаївська область","сільський клуб, глядацький зал
вул.Шевченка, 39, с.Пришиб, Березнегуватський р-н, Миколаївська обл., 56240","312","96","302","6","212","4","216","","0","212","4","216","11","205","64","61","6","72","2","30.10.12"
"480108","130","Миколаївська область","будинок культури, фойє
вул.Леніна, 9, с.Калуга, Березнегуватський р-н, Миколаївська обл., 56232","744","310","733","34","405","29","434","","0","405","29","434","8","426","132","107","6","178","3","28.10.12"
"480109","130","Миколаївська область","будинок культури, танцювальний зал
вул.Центральна, 1, с.Лепетиха, Березнегуватський р-н, Миколаївська обл., 56234","848","337","831","62","453","58","511","","0","453","58","511","12","499","108","77","8","297","9","29.10.12"
"480110","130","Миколаївська область","сільський клуб, фойє
вул.Ентузіастів, 44, с.Веселе, Березнегуватський р-н, Миколаївська обл., 56234","208","94","202","7","109","5","114","","0","109","5","114","6","108","53","34","1","20","0","29.10.12"
"480111","130","Миколаївська область","школа, фойє
вул.Степанова, 45, с.Червоний Яр, Березнегуватський р-н, Миколаївська обл., 56234","160","60","152","4","96","4","100","","0","96","4","100","5","95","18","44","1","30","2","29.10.12"
"480112","130","Миколаївська область","школа, фойє
вул.Шкільна, 4, с.Кавказ, Березнегуватський р-н, Миколаївська обл., 56234","152","62","145","5","85","5","90","","0","85","5","90","11","79","17","20","3","36","3","29.10.12"
"480113","130","Миколаївська область","будинок культури, кімната урочистостей
вул.Шевченка, 64, с.Любомирівка, Березнегуватський р-н, Миколаївська обл., 57305","328","130","325","7","191","7","198","","0","191","7","198","4","194","45","60","5","83","1","29.10.12"
"480114","130","Миколаївська область","сільський клуб, глядацький зал
вул.Трасківська, 32, с.Веселий Кут, Березнегуватський р-н, Миколаївська обл., 57305","88","29","87","1","58","1","59","","0","58","1","59","3","56","19","12","2","23","0","29.10.12"
"480115","130","Миколаївська область","сільський клуб, глядацький зал
вул.Щербини, 24, с.Яковлівка, Березнегуватський р-н, Миколаївська обл., 57305","88","37","81","3","50","1","51","","0","50","1","51","1","50","16","17","2","14","1","29.10.12"
"480116","130","Миколаївська область","сільська рада, кабінет сільського голови
вул.ім.В.М.Філоненко, 7, с.Маліївка, Березнегуватський р-н, Миколаївська обл., 56214","760","432","747","78","267","61","328","","0","267","61","328","24","304","108","119","6","67","4","29.10.12"
"480117","130","Миколаївська область","школа, спортивний зал
вул.Леніна, 40А, с.Мурахівка, Березнегуватський р-н, Миколаївська обл., 56243","600","293","585","32","279","28","307","","0","279","28","307","5","302","101","75","6","115","5","29.10.12"
"480118","130","Миколаївська область","фельдшерський пункт, маніпуляційний кабінет
вул.Леніна, 12, с.Велике Артакове, Березнегуватський р-н, Миколаївська обл., 56243","96","27","90","1","69","0","69","","0","69","0","69","1","68","20","15","0","33","0","29.10.12"
"480119","130","Миколаївська область","елеватор, актовий зал
вул.Березнегуватська, 16, с-ще Березнегувате, Березнегуватський р-н, Миколаївська обл., 56209","328","139","321","24","167","22","189","","0","167","22","189","6","183","70","42","3","66","2","29.10.12"
"480120","130","Миколаївська область","сільський клуб, глядацький зал
вул.Молодіжна, 8, с.Нововолодимирівка, Березнегуватський р-н, Миколаївська обл., 56217","568","314","550","18","237","17","254","","0","237","17","254","6","248","111","83","4","48","2","29.10.12"
"480121","130","Миколаївська область","сільська рада, кабінет секретаря
вул.Радянська, 27, с.Новоочаків, Березнегуватський р-н, Миколаївська обл., 56212","328","131","322","12","185","12","197","","0","185","12","197","12","185","58","53","5","66","3","29.10.12"
"480122","130","Миколаївська область","школа, фойє
вул.Леніна, 2, с.Петропавлівка, Березнегуватський р-н, Миколаївська обл., 56212","272","115","261","10","147","10","157","","0","147","10","157","5","152","65","31","4","52","0","29.10.12"
"480123","130","Миколаївська область","сільський клуб, актовий зал
вул.Центральна, 9, с.Тетянівка, Березнегуватський р-н, Миколаївська обл., 56231","216","87","207","8","121","8","129","","0","121","8","129","9","120","25","48","1","45","1","29.10.12"
"480124","130","Миколаївська область","сільський клуб, актовий зал
вул.Центральна, 7А, с.Новосевастополь, Березнегуватський р-н, Миколаївська обл., 56230","392","136","387","16","241","15","256","","0","241","15","256","8","248","103","67","6","70","2","29.10.12"
"480125","130","Миколаївська область","школа, фойє
вул.Карла Маркса, 8, с.Новоукраїнка, Березнегуватський р-н, Миколаївська обл., 56220","712","286","691","18","408","18","426","","0","408","18","426","29","397","111","111","13","155","7","29.10.12"
"480126","130","Миколаївська область","школа, кабінет математики
вул.Шкільна, 1, с.Озерівка, Березнегуватський р-н, Миколаївська обл., 56224","192","84","181","11","98","10","108","","0","98","10","108","4","104","28","45","5","23","3","29.10.12"
"480127","130","Миколаївська область","будинок культури, фойє
вул.Радянська, 24, с.Сергіївка, Березнегуватський р-н, Миколаївська обл., 56223","528","183","520","33","313","32","345","","0","313","32","345","33","312","51","146","6","105","4","29.10.12"
"480128","130","Миколаївська область","школа, коридор
вул.Шкільна, 1, с.Федорівка, Березнегуватський р-н, Миколаївська обл., 56221","232","103","226","9","122","7","129","","0","122","7","129","13","116","25","73","1","17","0","01.11.12"
"480129","130","Миколаївська область","центральна районна лікарня, актовий зал
вул.Лермонтова, 1, смт Березнегувате, Березнегуватський р-н, Миколаївська обл., 56203","104","80","26","4","20","4","24","","0","20","4","24","0","24","7","6","1","10","0","29.10.12"
"480349","130","Миколаївська область","районний будинок культури, фойє
вул.Миру, 197, смт Казанка, Казанківський р-н, Миколаївська обл., 56000","1944","834","1935","67","1050","60","1110","","0","1050","60","1110","51","1059","216","525","23","283","12","29.10.12"
"480350","130","Миколаївська область","міський клуб №1, глядацький зал
вул.Миру, 30, смт Казанка, Казанківський р-н, Миколаївська обл., 56000","1496","657","1470","66","775","64","839","","0","775","64","839","17","822","210","256","13","330","13","29.10.12"
"480351","130","Миколаївська область","школа №2, фойє
вул.Миру, 245, смт Казанка, Казанківський р-н, Миколаївська обл., 56000","1600","752","1588","31","821","27","848","","0","821","27","848","48","800","198","379","23","183","17","30.10.12"
"480352","130","Миколаївська область","будинок культури, глядацький зал
вул.Леніна, 37, смт Казанка, Казанківський р-н, Миколаївська обл., 56000","1024","497","1015","36","498","29","527","","0","498","29","527","42","485","110","253","15","99","8","29.10.12"
"480353","130","Миколаївська область","адмінбудівля сільської ради, актовий зал
вул.Гагаріна, 33, с.Великоолександрівка, Казанківський р-н, Миколаївська обл., 56040","584","275","566","39","274","35","309","","0","274","35","309","24","285","68","152","12","46","7","29.10.12"
"480354","130","Миколаївська область","будинок культури, глядацький зал
вул.Леніна, 3, с.Весела Балка, Казанківський р-н, Миколаївська обл., 56030","352","127","347","10","217","8","225","","0","217","8","225","9","216","74","95","9","33","5","29.10.12"
"480355","130","Миколаївська область","сільський клуб, глядацький зал
вул.Жовтнева, 62А, с-ще Казанка, Казанківський р-н, Миколаївська обл., 56002","400","135","396","4","261","4","265","","0","261","4","265","15","250","60","90","11","82","7","29.10.12"
"480356","130","Миколаївська область","будинок культури, малий зал
вул.Радянська, 101, с.Володимирівка, Казанківський р-н, Миколаївська обл., 56065","976","439","971","49","493","44","537","","0","493","44","537","33","504","110","263","25","101","5","30.10.12"
"480357","130","Миколаївська область","сільський клуб №2, фойє
вул.Радянська, 161, с.Володимирівка, Казанківський р-н, Миколаївська обл., 56065","848","279","843","47","522","47","569","","0","522","47","569","38","531","124","293","11","99","4","30.10.12"
"480358","130","Миколаївська область","дошкільний навчальний заклад, спортзал
вул.70 років Жовтня, 103, с.Дмитрівка, Казанківський р-н, Миколаївська обл., 56021","336","136","330","15","187","13","200","","0","187","13","200","16","184","30","81","5","64","4","29.10.12"
"480359","130","Миколаївська область","будинок культури, фойє
вул.70 років Жовтня, 27, с.Дмитро-Білівка, Казанківський р-н, Миколаївська обл., 56020","400","179","394","8","213","8","221","","0","213","8","221","21","200","42","100","7","47","4","29.10.12"
"480360","130","Миколаївська область","будинок культури, глядацький зал
вул.Приозерна, 2, с.Каширівка, Казанківський р-н, Миколаївська обл., 56010","528","183","520","64","287","58","345","","0","287","58","345","8","337","94","178","9","47","9","29.10.12"
"480361","130","Миколаївська область","школа, спортзал
вул.Шкільна, 16, с.Лагодівка, Казанківський р-н, Миколаївська обл., 56027","352","120","347","16","216","16","232","","0","216","16","232","6","226","71","109","3","41","2","29.10.12"
"480362","130","Миколаївська область","адмінбудівля сільської ради, зал засідань
вул.Ленінський шлях, 37, с.Миколаївка, Казанківський р-н, Миколаївська обл., 56009","792","348","785","40","404","40","444","","0","404","40","444","22","422","191","156","9","60","6","29.10.12"
"480363","130","Миколаївська область","адмінбудівля сільської ради, актовий зал
вул.Лікарняна, 1, с.Миколо-Гулак, Казанківський р-н, Миколаївська обл., 56023","616","276","602","31","309","31","340","","0","309","31","340","18","322","97","138","11","73","3","29.10.12"
"480364","130","Миколаївська область","адмінбудівля сільської ради, зал засідань
вул.Клубна, 2А, с.Михайлівка, Казанківський р-н, Миколаївська обл., 56035","432","139","433","31","267","26","293","","0","267","26","293","10","283","70","154","4","53","2","29.10.12"
"480365","130","Миколаївська область","сільський клуб, фойє
вул.Комсомольська, 21, с.Нововолодимирівка, Казанківський р-н, Миколаївська обл., 56003","208","74","203","15","121","13","134","","0","121","13","134","3","131","59","49","6","16","1","29.10.12"
"480366","130","Миколаївська область","сільський клуб, малий зал
вул.Леніна, 4, с-ще Новоданилівка, Казанківський р-н, Миколаївська обл., 56022","568","206","558","20","342","20","362","","0","342","20","362","24","338","84","179","5","60","10","29.10.12"
"480367","130","Миколаївська область","будинок культури, малий зал
вул.Миру, 1, с.Новолазарівка, Казанківський р-н, Миколаївська обл., 56042","464","228","457","22","216","20","236","","0","216","20","236","16","220","40","101","8","64","7","29.10.12"
"480368","130","Миколаївська область","школа, актовий зал
вул.Шкільна, 30, с.Новофедорівка, Казанківський р-н, Миколаївська обл., 56032","512","203","508","40","275","34","309","","0","275","34","309","20","289","53","164","16","49","7","29.10.12"
"480369","130","Миколаївська область","будинок культури, фойє
вул.Космонавтів, 25А, с.Олександрівка, Казанківський р-н, Миколаївська обл., 56062","288","118","282","8","163","7","170","","0","163","7","170","8","162","32","89","6","27","8","29.10.12"
"480370","130","Миколаївська область","фельдшерський пункт, к.1
вул.Привільна, 2А, с.Привілля, Казанківський р-н, Миколаївська обл., 56062","168","51","161","18","99","18","117","","0","99","18","117","9","108","24","44","2","37","1","28.10.12"
"480371","130","Миколаївська область","адмінбудівля сільської ради, малий зал
вул.Центральна, 7, с.Скобелеве, Казанківський р-н, Миколаївська обл., 56054","240","92","234","1","147","1","148","","0","147","1","148","9","139","26","73","4","33","3","29.10.12"
"480372","130","Миколаївська область","школа, к.1
вул.Шкільна, 1, с.Суходілля, Казанківський р-н, Миколаївська обл., 56054","144","33","142","2","109","2","111","","0","109","2","111","6","105","45","42","0","17","1","29.10.12"
"480373","130","Миколаївська область","будинок культури, малий зал
вул.Леніна, 2, с.Троїцько-Сафонове, Казанківський р-н, Миколаївська обл., 56050","800","259","792","25","517","24","541","","0","517","24","541","36","505","81","233","14","166","11","29.10.12"
"480374","130","Миколаївська область","школа, спортзал
вул.Пігарьова, 36, с.Червона Знам’янка, Казанківський р-н, Миколаївська обл., 56052","280","75","274","10","195","10","205","","0","195","10","205","11","194","57","92","7","36","2","29.10.12"
"480375","130","Миколаївська область","районна лікарня, приміщення денного стаціонару
вул.Аненка, 36, смт Казанка, Казанківський р-н, Миколаївська обл., 56000","24","11","14","13","0","13","13","","0","0","13","13","0","13","0","4","1","8","0","29.10.12"
"480376","130","Миколаївська область","виправна колонія, приміщення етапного відділення
вул.Індустріальна, 4, с-ще Новоданилівка, Казанківський р-н, Миколаївська обл., 56022","1224","77","1155","0","1147","0","1147","","0","1147","0","1147","80","1067","84","884","48","30","21","29.10.12"
"480455","130","Миколаївська область","адмінприміщення ВАТ ""Племпідприємство"", актова зала, 2-й поверх
вул.Залізнична, 109, с.Жовтневе, Новобузький р-н, Миколаївська обл., 55611","584","320","567","21","243","21","264","","0","243","21","264","11","253","121","105","0","23","4","29.10.12"
"480456","130","Миколаївська область","Жовтнева школа, кабінет основ здоров’я, 1-й поверх
вул.Кошового, 2, с.Жовтневе, Новобузький р-н, Миколаївська обл., 55611","528","286","519","12","230","12","242","","0","230","12","242","12","230","91","100","11","25","3","29.10.12"
"480457","130","Миколаївська область","адмінприміщення агробуду, фойє
вул.Гребеннікова, 130, м.Новий Буг, Новобузький р-н, Миколаївська обл., 55600","544","282","549","22","244","18","262","","0","244","18","262","9","253","118","87","11","31","6","28.10.12"
"480458","130","Миколаївська область","школа №10, їдальня, 1-й поверх
вул.ІІ-ї П’ятирічки, 1, м.Новий Буг, Новобузький р-н, Миколаївська обл., 55600","1184","640","1171","25","523","21","544","","0","523","21","544","31","513","219","198","17","60","19","29.10.12"
"480459","130","Миколаївська область","школа №1, фойє
вул.Гребеннікова, 5, м.Новий Буг, Новобузький р-н, Миколаївська обл., 55600","1840","928","1822","54","876","36","912","","0","876","36","912","48","864","408","297","13","132","14","29.10.12"
"480460","130","Миколаївська область","районний будинок культури, дискозал
вул.Леніна, 61, м.Новий Буг, Новобузький р-н, Миколаївська обл., 55600","1216","557","1188","37","634","25","659","","0","634","25","659","31","628","329","202","10","79","8","29.10.12"
"480461","130","Миколаївська область","навчальний корпус КВНЗ, спортивний зал
вул.Червона Площа, 4, м.Новий Буг, Новобузький р-н, Миколаївська обл., 55600","760","354","750","16","393","13","406","","0","393","13","406","21","385","184","139","15","41","6","28.10.12"
"480462","130","Миколаївська область","навчальний корпус МДАУ, фойє
вул.Леніна, 46, м.Новий Буг, Новобузький р-н, Миколаївська обл., 55600","808","405","803","5","398","5","403","","0","398","5","403","25","378","203","113","7","48","7","29.10.12"
"480463","130","Миколаївська область","БК ПОСП ""Золота Нива"", фойє
вул.Київська, 1, м.Новий Буг, Новобузький р-н, Миколаївська обл., 55600","792","420","776","13","362","10","372","","0","362","10","372","26","346","147","141","10","38","10","29.10.12"
"480464","130","Миколаївська область","школа №4, фойє
вул.Малиновського, 3, м.Новий Буг, Новобузький р-н, Миколаївська обл., 55600","632","313","625","21","301","18","319","","0","301","18","319","17","302","143","113","9","36","1","29.10.12"
"480465","130","Миколаївська область","ПОП ""Лан"", приміщення клубу, фойє
вул.Червоний Орач, 1, м.Новий Буг, Новобузький р-н, Миколаївська обл., 55600","848","441","825","23","391","16","407","","0","391","16","407","32","375","176","110","22","59","8","01.11.12"
"480466","130","Миколаївська область","школа №7, спортивний зал
вул.Широка Площа, 47, м.Новий Буг, Новобузький р-н, Миколаївська обл., 55600","1176","572","1152","38","576","28","604","","0","576","28","604","25","579","302","191","9","66","11","29.10.12"
"480467","130","Миколаївська область","школа мистецтв, приміщення бібліотеки
вул.Коцюбинського, 27, м.Новий Буг, Новобузький р-н, Миколаївська обл., 55600","1440","632","1424","37","777","31","808","","0","777","31","808","34","774","344","264","19","132","15","29.10.12"
"480468","130","Миколаївська область","школа №9, кабінет англійської мови
вул.Польова, 17, м.Новий Буг, Новобузький р-н, Миколаївська обл., 55600","640","308","639","21","318","14","332","","0","318","14","332","22","310","146","104","8","45","7","29.10.12"
"480469","130","Миколаївська область","адмінприміщення СТОВ ""Світанок"", фойє
адмінприміщення СТОВ ""Світанок"", с.Новосілля, Новобузький р-н, Миколаївська обл., 55610","128","43","122","8","77","8","85","","0","77","8","85","4","81","44","30","3","4","0","29.10.12"
"480470","130","Миколаївська область","сільський клуб, фойє
вул.Верхня, 1, с.Загальна Користь, Новобузький р-н, Миколаївська обл., 55600","200","88","193","2","110","2","112","","0","110","2","112","1","111","64","36","3","8","0","29.10.12"
"480471","130","Миколаївська область","сільський клуб, фойє
сільський клуб, с.Петрівка, Новобузький р-н, Миколаївська обл., 55600","296","99","287","8","189","8","197","","0","189","8","197","7","190","67","90","3","26","4","29.10.12"
"480472","130","Миколаївська область","сільська рада, актовий зал
вул.Радянська, 6, с.Баратівка, Новобузький р-н, Миколаївська обл., 55634","832","548","826","76","247","37","284","","0","247","37","284","22","262","167","66","11","13","5","29.10.12"
"480473","130","Миколаївська область","Приміщення сільського клубу, фоє
вул.Центральна, 17, с.Вівсянівка, Новобузький р-н, Миколаївська обл., 55634","136","54","129","9","76","6","82","","0","76","6","82","4","78","54","21","2","1","0","29.10.12"
"480474","130","Миколаївська область","Ганнівський сільський клуб, фойє
вул.70 років Жовтня, 53, с.Ганнівка, Новобузький р-н, Миколаївська обл., 55634","304","126","301","8","171","7","178","","0","171","7","178","2","176","99","62","3","9","3","29.10.12"
"480475","130","Миколаївська область","сільський клуб, фойє
вул.Центральна, 5, с.Майорівка, Новобузький р-н, Миколаївська обл., 55634","392","170","383","7","215","7","222","","0","215","7","222","8","214","141","57","3","11","2","29.10.12"
"480476","130","Миколаївська область","сільська рада, сесійний зал
пров.Березнегуватський, 1, с.Березнегуватське, Новобузький р-н, Миколаївська обл., 55620","568","185","571","21","364","19","383","","0","364","19","383","23","360","109","204","9","30","8","29.10.12"
"480477","130","Миколаївська область","Вільнозапорізька школа, фойє
вул.Москаленко, 30, с.Вільне Запоріжжя, Новобузький р-н, Миколаївська обл., 55650","600","171","590","28","402","27","429","","0","402","27","429","22","407","144","216","10","34","3","29.10.12"
"480478","130","Миколаївська область","ФАП, фойє
вул.Комсомольська, 3, с.Показне, Новобузький р-н, Миколаївська обл., 55650","176","51","174","6","119","6","125","","0","119","6","125","4","121","22","95","1","2","1","29.10.12"
"480479","130","Миколаївська область","сільська рада, обрядова кімната
вул.Жовтнева, 1, с.Кам’яне, Новобузький р-н, Миколаївська обл., 55622","368","152","360","15","204","12","216","","0","204","12","216","13","203","78","98","2","24","1","29.10.12"
"480480","130","Миколаївська область","сільський клуб, фойє
вул.Шкільна, 27, с.Миролюбівка, Новобузький р-н, Миколаївська обл., 55622","136","54","128","4","80","2","82","","0","80","2","82","5","77","46","17","3","10","1","29.10.12"
"480481","130","Миколаївська область","будинок культури, глядацький зал
вул.Центральна, 27, с.Новомиколаївка, Новобузький р-н, Миколаївська обл., 55630","432","152","418","27","258","22","280","","0","258","22","280","14","266","78","171","3","13","1","28.10.12"
"480482","130","Миколаївська область","ФАП, каб.1
вул.Центральна, 24, с.Веселий Поділ, Новобузький р-н, Миколаївська обл., 55630","128","44","125","6","78","6","84","","0","78","6","84","1","83","45","29","3","4","2","29.10.12"
"480483","130","Миколаївська область","сільська рада, актовий зал
вул.Центральна, 5, с.Новомихайлівка, Новобузький р-н, Миколаївська обл., 55623","320","149","307","20","153","18","171","","0","153","18","171","13","158","59","69","7","21","2","29.10.12"
"480484","130","Миколаївська область","сільський клуб, каб.2
вул.Шкільна, 22, с.Новодмитрівка, Новобузький р-н, Миколаївська обл., 55625","432","204","424","8","220","8","228","","0","220","8","228","6","222","93","120","2","4","3","28.10.12"
"480485","130","Миколаївська область","сільський клуб, актовий зал
вул.Мельнична, 64А, с.Новополтавка, Новобузький р-н, Миколаївська обл., 55642","1264","650","1237","46","568","45","613","","0","567","45","612","42","570","274","219","21","47","9","29.10.12"
"480486","130","Миколаївська область","сільський клуб, актовий зал
вул.Леніна, 32А, с.Єфремівка, Новобузький р-н, Миколаївська обл., 55642","240","80","236","15","145","15","160","","0","145","15","160","7","153","82","60","0","8","3","29.10.12"
"480487","130","Миколаївська область","сільська рада, зал урочистих подій
вул.Центральна, 49, с.Новохристофорівка, Новобузький р-н, Миколаївська обл., 55654","544","216","526","23","308","20","328","","0","308","20","328","16","312","161","106","11","30","4","28.10.12"
"480488","130","Миколаївська область","школа, фойє
вул.Шкільна, 4А, с.Новоюр’ївка, Новобузький р-н, Миколаївська обл., 55640","616","252","608","39","328","36","364","","0","328","36","364","20","344","178","135","9","17","5","29.10.12"
"480489","130","Миколаївська область","сільський клуб, глядацький зал
вул.Миру, 15/2А, с.Білоцерківка, Новобузький р-н, Миколаївська обл., 55640","144","40","135","6","99","5","104","","0","99","5","104","6","98","21","68","0","5","4","29.10.12"
"480490","130","Миколаївська область","Розанівський ФАП, зал засідань
вул.Центральна, 3, с.Розанівка, Новобузький р-н, Миколаївська обл., 55614","296","131","291","3","162","3","165","","0","162","3","165","7","158","55","74","2","27","0","29.10.12"
"480491","130","Миколаївська область","Софіївський будинок культури, фойє
вул.Леніна, 24А, с.Софіївка, Новобузький р-н, Миколаївська обл., 55632","1112","461","1090","55","600","51","651","","0","600","51","651","30","621","257","235","19","104","6","30.10.12"
"480492","130","Миколаївська область","будинок культури, фойє
вул.Центральна, 1, с.Улянівка, Новобузький р-н, Миколаївська обл., 55633","272","82","261","11","179","11","190","","0","179","11","190","7","183","78","79","10","12","4","29.10.12"
"480493","130","Миколаївська область","будинок культури, танц.зал
будинок культури, с.Шевченкове, Новобузький р-н, Миколаївська обл., 55644","928","451","904","48","433","44","477","","0","433","44","477","25","452","177","212","12","43","8","29.10.12"
"480494","130","Миколаївська область","адмінкорпусу ЦРЛ, вестибюль, 2-й корпус
вул.Червона Площа, 14, м.Новий Буг, Новобузький р-н, Миколаївська обл., 55600","136","125","22","9","2","9","11","","0","2","9","11","1","10","3","7","0","0","0","28.10.12"
"480495","130","Миколаївська область","адмінприміщення виправного центру №103, кабінет відділу кадрів
вул.Шкільна, 1, с.Богомази, Новобузький р-н, Миколаївська обл., 55644","136","7","130","0","129","0","129","","0","129","0","129","24","105","30","29","18","15","13","28.10.12"
"480496","130","Миколаївська область","лісгосп, фойє, 1-й поверх
вул.Лермонтова, 93, м.Нова Одеса, Новоодеський р-н, Миколаївська обл., 56602","864","441","842","33","393","30","423","","0","393","30","423","24","399","142","141","20","86","10","29.10.12"
"480497","130","Миколаївська область","дитяча юнацька спортивна школа, к.2
вул.Малиновського, 17, м.Нова Одеса, Новоодеський р-н, Миколаївська обл., 56602","816","457","781","12","347","12","359","","0","347","12","359","24","335","141","113","13","61","7","28.10.12"
"480498","130","Миколаївська область","школа №3, їдальня, 1-й поверх
вул.Гайдара, 7, м.Нова Одеса, Новоодеський р-н, Миколаївська обл., 56602","1128","636","1108","14","479","13","492","","0","479","13","492","37","455","196","159","18","67","15","29.10.12"
"480499","130","Миколаївська область","ТДВ імТ.Г.Шевченка, к.2, 1-й поверх
вул.Леніна, 6, м.Нова Одеса, Новоодеський р-н, Миколаївська обл., 56602","1160","669","1141","7","484","7","491","","0","484","7","491","41","450","196","146","21","72","15","29.10.12"
"480500","130","Миколаївська область","МНВК, к.2
вул.Іпатенка, 1, м.Нова Одеса, Новоодеська р-н, Миколаївська обл., 56602","1296","713","1221","22","563","20","583","","0","563","20","583","49","534","270","155","20","78","11","29.10.12"
"480501","130","Миколаївська область","Будинок дитячої та юнацької творчості, к.2
вул.Леніна, 174, м.Нова Одеса, Новоодеський р-н, Миколаївська обл., 56602","1496","752","1479","10","735","9","744","","0","735","9","744","45","699","316","251","25","93","14","29.10.12"
"480502","130","Миколаївська область","""Новоодеський райавтодор"", к.2
вул.Червоних Партизан, 98, м.Нова Одеса, Новоодеський р-н, Миколаївська обл., 56602","1200","634","1187","18","549","17","566","","0","549","17","566","36","530","235","190","26","73","6","29.10.12"
"480503","130","Миколаївська область","будинок культури, актова зала, 1-й поверх
вул.Леніна, 223, м.Нова Одеса, Новоодеський р-н, Миколаївська обл., 56602","1736","770","1712","33","936","30","966","","0","936","30","966","49","917","487","283","18","106","23","29.10.12"
"480504","130","Миколаївська область","""Міськводоканал"", актова зала, 2-й поверх
вул.Леніна, 369, м.Нова Одеса, Новоодеський р-н, Миколаївська обл., 56602","1728","856","1713","16","858","14","872","","0","858","14","872","55","817","458","239","27","71","22","29.10.12"
"480505","130","Миколаївська область","будинок культури, актова зала
вул.Рвачова, 18, с.Криворіжжя, Новоодеський р-н, Миколаївська обл., 54104","224","100","214","15","110","14","124","","0","110","14","124","6","118","50","54","2","9","3","28.10.12"
"480506","130","Миколаївська область","сільський клуб, актова зала
вул.Жовтнева, 1А, с.Антонівка, Новоодеський р-н, Миколаївська обл., 56630","528","230","520","30","275","23","298","","0","275","23","298","30","268","168","75","3","19","3","28.10.12"
"480507","130","Миколаївська область","сільська школа, к.1
вул.Леніна, 93Б, с.Баловне, Новоодеський р-н, Миколаївська обл., 56664","2040","1035","2023","62","961","44","1005","","0","961","44","1005","114","891","402","317","28","100","44","29.10.12"
"480508","130","Миколаївська область","сільська рада, актова зала
вул.Центральна, 1, с.Бузьке, Новоодеський р-н, Миколаївська обл., 56636","1056","535","1041","53","468","53","521","","0","468","53","521","73","448","181","166","16","79","6","29.10.12"
"480509","130","Миколаївська область","сільська рада, актова зала
вул.Сухацького, 15, с.Воронцівка, Новоодеський р-н, Миколаївська обл., 56644","280","123","273","13","145","12","157","","0","145","12","157","4","153","63","68","4","17","1","28.10.12"
"480510","130","Миколаївська область","школа, фойє
вул.Виноградна, 1А, с.Улянівка, Новоодеський р-н, Миколаївська обл., 56644","248","86","243","6","157","5","162","","0","157","5","162","12","150","68","52","2","21","7","29.10.12"
"480511","130","Миколаївська область","школа, к.2
вул.Першотравнева, 5, с.Червоноволодимирівка, Новоодеський р-н, Миколаївська обл., 56644","232","100","227","0","132","0","132","","0","132","0","132","1","131","58","54","5","14","0","28.10.12"
"480512","130","Миколаївська область","будинок культури, актова зала
вул.Набережна, 21, с.Гур’ївка, Новоодеський р-н, Миколаївська обл., 56660","1112","552","1099","40","524","36","560","","0","524","36","560","39","521","203","178","15","41","84","29.10.12"
"480513","130","Миколаївська область","сільський клуб, актова зала
вул.Набережна, 56, с.Піски, Новоодеський р-н, Миколаївська обл., 56660","544","258","529","12","277","9","286","","0","277","9","286","23","263","136","67","6","12","42","28.10.12"
"480514","130","Миколаївська область","школа, к.2, 1-й поверх
вул.Миру, 70А, с.Артемівка, Новоодеський р-н, Миколаївська обл., 56624","552","253","552","32","269","30","299","","0","269","30","299","14","285","125","116","9","27","8","28.10.12"
"480515","130","Миколаївська область","школа, їдальня, 1-й поверх
вул.Шкільна, 1, с.Димівське, Новоодеський р-н, Миколаївська обл., 56622","496","214","491","23","262","20","282","","0","262","20","282","15","267","114","112","11","26","4","29.10.12"
"480516","130","Миколаївська область","сільський клуб, актова зала
вул.Леніна, 16, с-ще Дільниче, Новоодеський р-н, Миколаївська обл., 56625","488","182","486","9","299","7","306","","0","299","7","306","15","291","136","112","16","22","5","29.10.12"
"480517","130","Миколаївська область","сільський клуб, актова зала
вул.Леніна, 16, с.Гребеники, Новоодеський р-н, Миколаївська обл., 56625","88","32","84","0","56","0","56","","0","56","0","56","2","54","39","12","1","2","0","31.10.12"
"480518","130","Миколаївська область","школа, к.2, 1-й поверх
вул.70-річчя Жовтня, 1Б, с.Новоінгулка, Новоодеський р-н, Миколаївська обл., 56654","496","294","483","6","196","6","202","","0","196","6","202","14","188","58","86","9","31","4","29.10.12"
"480519","130","Миколаївська область","сільська рада, к.2
вул.Горького, 22, с.Кандибине, Новоодеський р-н, Миколаївська обл., 56654","360","160","355","7","194","6","200","","0","194","6","200","16","184","40","87","3","47","7","28.10.12"
"480520","130","Миколаївська область","сільський клуб, актова зала
вул.Центральна, 21, с.Новоматвіївське, Новоодеський р-н, Миколаївська обл., 56654","136","56","133","6","74","6","80","","0","74","6","80","8","72","34","19","8","9","2","29.10.12"
"480521","130","Миколаївська область","сільський клуб, актова зала
вул.Гагаріна, 29А, с.Костянтинівка, Новоодеський р-н, Миколаївська обл., 56663","736","299","725","12","426","11","437","","0","426","11","437","35","402","112","131","17","41","101","28.10.12"
"480522","130","Миколаївська область","сільський клуб, актова зала
вул.Хомченка, 96, с.Михайлівка, Новоодеський р-н, Миколаївська обл., 56611","352","169","345","11","172","11","183","","0","172","11","183","15","168","38","103","2","17","8","29.10.12"
"480523","130","Миколаївська область","будинок культури, актова зала
вул.Чапаєва, 42В, с.Новопетрівське, Новоодеський р-н, Миколаївська обл., 56650","1984","1043","1965","74","875","66","941","","0","875","66","941","58","883","334","341","31","144","33","29.10.12"
"480524","130","Миколаївська область","сільський клуб, актова зала
вул.Леніна, 21, с.Новосафронівка, Новоодеський р-н, Миколаївська обл., 56620","344","144","341","13","187","13","200","","0","187","13","200","10","190","90","79","5","12","4","28.10.12"
"480525","130","Миколаївська область","сільський клуб, актова зала
вул.Перемоги, 55А, с.Зарічне, Новоодеський р-н, Миколаївська обл., 56620","192","72","186","17","104","16","120","","0","104","16","120","13","107","58","30","5","13","1","28.10.12"
"480526","130","Миколаївська область","сільський клуб, актова зала
вул.Центральна, 26, с.Новошмідтівка, Новоодеський р-н, Миколаївська обл., 56643","344","149","338","14","183","12","195","","0","183","12","195","20","175","60","71","5","36","3","28.10.12"
"480527","130","Миколаївська область","сільський клуб, актова зала
вул.Квіткова, 54, с.Кіровка, Новоодеський р-н, Миколаївська обл., 56643","152","65","148","7","83","4","87","","0","83","4","87","3","84","47","28","1","4","4","29.10.12"
"480528","130","Миколаївська область","сільський клуб, актова зала
вул.Леніна, 27, с.Підлісне, Новоодеський р-н, Миколаївська обл., 56633","704","300","695","28","376","28","404","","0","376","28","404","32","372","102","193","14","60","3","28.10.12"
"480529","130","Миколаївська область","сільський клуб, актова зала
вул.Центральна, 15, с.Новопавлівка, Новоодеський р-н, Миколаївська обл., 54104","136","54","133","15","67","15","82","","0","67","15","82","4","78","23","39","3","13","0","28.10.12"
"480530","130","Миколаївська область","сільський клуб, актова зала
вул.Леніна, 16, с.Себине, Новоодеський р-н, Миколаївська обл., 56653","1192","594","1184","35","569","29","598","","0","569","29","598","56","542","218","220","13","56","35","29.10.12"
"480531","130","Миколаївська область","школа, музична зала, 1-й поверх
вул.Каганова, 34, с.Сухий Єланець, Новоодеський р-н, Миколаївська обл., 56640","688","288","681","17","386","14","400","","0","386","14","400","16","384","110","198","9","64","3","29.10.12"
"480532","130","Миколаївська область","школа, спортивний зал, 1-й поверх
вул.Леніна, 1, с.Суворовка, Новоодеський р-н, Миколаївська обл., 56640","240","103","230","3","134","3","137","","0","134","3","137","8","129","37","69","5","18","0","28.10.12"
"480533","130","Миколаївська область","школа, фойє, 1-й поверх
пров.Шкільний, 6, с.Троїцьке, Новоодеський р-н, Миколаївська обл., 56610","1088","622","1072","20","447","19","466","","0","447","19","466","37","429","236","127","13","45","8","29.10.12"
"480534","130","Миколаївська область","адмінприміщення, актова зала
вул.Шкільна, 2, м.Нова Одеса, Новоодеський р-н, Миколаївська обл., 56602","144","74","79","49","24","46","70","","0","24","46","70","7","63","26","25","4","4","4","29.10.12"
"480594","130","Миколаївська область","сільська рада, актовий зал
вул.Леніна, 13, с.Афанасіївка, Снігурівський р-н, Миколаївська обл., 57342","456","180","444","14","265","11","276","","0","265","11","276","10","266","121","114","2","28","1","29.10.12"
"480595","130","Миколаївська область","школа, зал їдальні
вул.Молодіжна, 24, с.Юр’ївка, Снігурівський р-н, Миколаївська обл., 57341","624","264","605","12","348","12","360","","0","348","12","360","6","354","163","165","4","21","1","29.10.12"
"480596","130","Миколаївська область","сільський клуб, вестибюль
вул.капітана Агеєнка, 3, с.Баратівка, Снігурівський р-н, Миколаївська обл., 57370","712","321","709","29","366","25","391","","0","366","25","391","22","369","171","128","7","58","5","30.10.12"
"480597","130","Миколаївська область","бібліотека, вестибюль
вул.1 Травня, 1А, с.Романово-Булгакове, Снігурівський р-н, Миколаївська обл., 57371","224","76","223","5","143","5","148","","0","143","5","148","9","139","47","75","4","13","0","29.10.12"
"480598","130","Миколаївська область","сільський клуб, вестибюль
вул.Кооперативна, 13А, с.Новософіївка, Снігурівський р-н, Миколаївська обл., 57374","376","159","372","5","213","4","217","","0","213","4","217","12","205","103","68","3","26","5","29.10.12"
"480599","130","Миколаївська область","сільський клуб, вестибюль
вул.1-го Травня, 27Б, с.Червоний Промінь, Снігурівський р-н, Миколаївська обл., 57375","392","118","388","16","258","16","274","","0","258","16","274","6","268","127","103","6","31","1","29.10.12"
"480600","130","Миколаївська область","будинок культури, фойє
вул.Шкільна, 57, с.Василівка, Снігурівський р-н, Миколаївська обл., 57310","632","251","619","22","360","21","381","","0","360","21","381","16","365","219","94","7","44","1","29.10.12"
"480601","130","Миколаївська область","сільський клуб, вестибюль
вул.Леніна, 8А, с.Євгенівка, Снігурівський р-н, Миколаївська обл., 57311","872","377","866","48","448","47","495","","0","448","47","495","20","475","256","177","11","28","3","29.10.12"
"480602","130","Миколаївська область","сільський клуб, вестибюль
вул.Довженко, 4А, с.Павло-Мар’янівка, Снігурівський р-н, Миколаївська обл., 57327","352","157","342","14","182","13","195","","0","182","13","195","9","186","78","47","2","59","0","29.10.12"
"480603","130","Миколаївська область","будинок культури, фойє
вул.Шкільна, 8, с.Горохівське, Снігурівський р-н, Миколаївська обл., 57356","640","308","624","14","319","13","332","","0","319","13","332","9","323","204","77","5","30","7","29.10.12"
"480604","130","Миколаївська область","сільський клуб, вестибюль
вул.Леніна, 3, с-ще Садове, Снігурівський р-н, Миколаївська обл., 57359","640","308","626","11","321","11","332","","0","321","11","332","15","317","151","92","6","66","2","29.10.12"
"480605","130","Миколаївська область","сільський клуб, вестибюль
вул.Першотравнева, 24, с.Новий Шлях, Снігурівський р-н, Миколаївська обл., 57356","264","69","254","8","187","8","195","","0","187","8","195","7","188","147","31","4","4","2","29.10.12"
"480606","130","Миколаївська область","сільський клуб, вестибюль
вул.Леніна, 2, с.Виноградне, Снігурівський р-н, Миколаївська обл., 57356","160","53","156","6","101","6","107","","0","101","6","107","5","102","71","25","2","4","0","28.10.12"
"480607","130","Миколаївська область","сільський клуб, вестибюль
вул.Степова, 3, с.Великопілля, Снігурівський р-н, Миколаївська обл., 57356","128","46","125","0","82","0","82","","0","82","0","82","4","78","54","12","0","10","2","29.10.12"
"480608","130","Миколаївська область","сільська рада, актовий зал
вул.Нова, 14, с.Киселівка, Снігурівський р-н, Миколаївська обл., 57334","720","302","693","17","405","13","418","","0","405","13","418","20","398","244","120","5","26","3","29.10.12"
"480609","130","Миколаївська область","колишня школа-сад, їдальня
вул.Перемоги, 27, с.Максимівка, Снігурівський р-н, Миколаївська обл., 57335","112","34","112","10","68","10","78","","0","68","10","78","5","73","35","34","0","4","0","01.11.12"
"480610","130","Миколаївська область","школа, вестибюль
вул.Орджонікідзе, 28, с.Кобзарці, Снігурівський р-н, Миколаївська обл., 57325","704","316","688","3","386","2","388","","0","386","2","388","14","374","120","179","9","63","3","29.10.12"
"480611","130","Миколаївська область","школа, вестибюль
вул.Молодіжна, 1, с.Новопавлівське, Снігурівський р-н, Миколаївська обл., 57327","200","84","195","10","106","10","116","","0","106","10","116","7","109","42","33","1","33","0","29.10.12"
"480612","130","Миколаївська область","школа, вестибюль
вул.Чапаєва, 10, с-ще Красне Знам’я, Снігурівський р-н, Миколаївська обл., 57360","464","218","451","22","226","20","246","","0","226","20","246","24","222","114","62","12","30","4","29.10.12"
"480613","130","Миколаївська область","будинок культури, фойє
вул.Куйбишева, 11А, с.Куйбишеве, Снігурівський р-н, Миколаївська обл., 57332","552","228","552","32","292","32","324","","0","292","32","324","12","312","262","39","3","8","0","29.10.12"
"480614","130","Миколаївська область","сільський клуб, вестибюль
вул.Леніна, 21Б, с.Бурханівка, Снігурівський р-н, Миколаївська обл., 57332","152","59","145","3","90","3","93","","0","90","3","93","1","92","52","30","0","10","0","28.10.12"
"480615","130","Миколаївська область","будинок культури, фойє
вул.Леніна, 51, с.Нововасилівка, Снігурівський р-н, Миколаївська обл., 57340","552","233","540","3","316","3","319","","0","316","3","319","7","312","154","115","3","38","2","28.10.12"
"480616","130","Миколаївська область","сільський клуб, вестибюль
вул.Набержна, 36, с.Новокондакове, Снігурівський р-н, Миколаївська обл., 57343","368","132","237","10","227","9","236","","0","227","9","236","9","227","112","96","2","17","0","29.10.12"
"480617","130","Миколаївська область","сільський клуб, вестибюль
вул.Щорса, 45, с.Єлизаветівка, Снігурівський р-н, Миколаївська обл., 57370","224","72","222","3","149","3","152","","0","149","3","152","3","149","59","56","0","33","1","29.10.12"
"480618","130","Миколаївська область","сільський клуб, вестибюль
вул.Гагаріна, 36, с.Галаганівка, Снігурівський р-н, Миколаївська обл., 57356","368","157","366","2","209","2","211","","0","209","2","211","10","201","123","56","7","9","6","28.10.12"
"480619","130","Миколаївська область","школа, вестибюль
вул.Степова, 22, с.Новокиївка, Снігурівський р-н, Миколаївська обл., 57364","576","269","567","26","283","24","307","","0","283","24","307","18","289","157","99","7","19","7","28.10.12"
"480620","130","Миколаївська область","будинок культури, фойє
вул.Леніна, 99А, с.Новопетрівка, Снігурівський р-н, Миколаївська обл., 57330","1088","438","1078","27","630","20","650","","0","630","20","650","14","636","553","60","5","15","3","29.10.12"
"480621","130","Миколаївська область","школа, вестибюль
вул.Жовтнева, 37, с.Новотимофіївка, Снігурівський р-н, Миколаївська обл., 57378","560","257","557","23","283","20","303","","0","283","20","303","18","285","149","88","8","37","3","29.10.12"
"480622","130","Миколаївська область","школа, вестибюль
вул.Радянська, 3, с.Олександрівка, Снігурівський р-н, Миколаївська обл., 57375","944","445","927","29","470","29","499","","0","470","29","499","36","463","256","109","13","74","11","29.10.12"
"480623","130","Миколаївська область","будинок культури, фойє
вул.Леніна, 45, с.Павлівка, Снігурівський р-н, Миколаївська обл., 57313","824","363","817","21","451","10","461","","0","451","10","461","26","435","255","98","9","66","7","29.10.12"
"480624","130","Миколаївська область","сільський клуб, вестибюль
вул.Центральна, 13, с.Івано-Кепине, Снігурівський р-н, Миколаївська обл., 57315","368","173","351","10","185","10","195","","0","185","10","195","8","187","73","81","5","27","1","28.10.12"
"480625","130","Миколаївська область","будинок культури, фойє
вул.Миру, 39, с.Першотравневе, Снігурівський р-н, Миколаївська обл., 57350","496","238","491","9","250","8","258","","0","250","8","258","9","249","142","88","4","15","0","29.10.12"
"480626","130","Миколаївська область","дитячий садок, к.2
вул.50 років Жовтня, 28, с.Трудолюбівка, Снігурівський р-н, Миколаївська обл., 57352","352","179","352","6","170","3","173","","0","170","3","173","9","164","78","72","2","11","1","29.10.12"
"480627","130","Миколаївська область","школа, коридор
вул.Центральна, 12, с.Тамарине, Снігурівський р-н, Миколаївська обл., 57316","576","260","567","22","295","21","316","","0","295","21","316","15","301","186","77","4","31","3","30.10.12"
"480628","130","Миколаївська область","школа-сад, вестибюль
вул.Молодіжна, 59, с.Безіменне, Снігурівський р-н, Миколаївська обл., 57316","96","41","96","1","54","1","55","","0","54","1","55","2","53","33","14","1","5","0","29.10.12"
"480629","130","Миколаївська область","школа, вестибюль
вул.Суворова, 1А, с-ще Центральне, Снігурівський р-н, Миколаївська обл., 57361","712","344","704","32","337","31","368","","0","0","0","368","24","344","186","106","10","36","6","30.10.12"
"480630","130","Миколаївська область","школа, вестибюль
вул.Ольшанського, 16, с-ще Знам’янка, Снігурівський р-н, Миколаївська обл., 57362","272","88","274","7","177","7","184","","0","177","7","184","10","174","77","87","4","3","3","29.10.12"
"480631","130","Миколаївська область","школа, вестибюль
пров.Шкільний, 1, с.Вавилове, Снігурівський р-н, Миколаївська обл., 57336","504","205","508","19","280","19","299","","0","280","19","299","16","283","126","108","8","38","3","30.10.12"
"480632","130","Миколаївська область","сільська рада, к.2
вул.Миру, 26, с.Червона Долина, Снігурівський р-н, Миколаївська обл., 57320","520","203","518","14","303","14","317","","0","303","14","317","20","297","200","71","6","19","1","29.10.12"
"480633","130","Миколаївська область","школа, вестибюль
вул.Шкільна, 15А, с-ще Поляна, Снігурівський р-н, Миколаївська обл., 57320","288","135","282","12","141","12","153","","0","141","12","153","5","148","81","51","1","14","1","29.10.12"
"480634","130","Миколаївська область","школа, вестибюль
вул.Центральна, 26, с-ще Радгоспне, Снігурівський р-н, Миколаївська обл., 57320","200","100","188","5","95","5","100","","0","95","5","100","3","97","55","33","0","7","2","28.10.12"
"480635","130","Миколаївська область","школа, вестибюль
вул.Садова, 36, с-ще Широке, Снігурівський р-н, Миколаївська обл., 57324","504","211","505","12","281","12","293","","0","281","12","293","13","280","176","95","1","7","1","29.10.12"
"480636","130","Миколаївська область","сільська рада, к.2
вул.Леніна, 55, с.Червона Зірка, Снігурівський р-н, Миколаївська обл., 57355","456","171","437","18","267","18","285","","0","267","18","285","16","269","168","66","11","20","4","29.10.12"
"480637","130","Миколаївська область","дитячий садок, к.2
вул.Молодіжна, 2, с-ще Світла Дача, Снігурівський р-н, Миколаївська обл., 57353","224","80","218","5","139","5","144","","0","139","5","144","7","137","81","36","1","15","4","29.10.12"
"480638","130","Миколаївська область","бібліотека, к.2
вул.Кірова, 32, с.Гуляйгородок, Снігурівський р-н, Миколаївська обл., 57354","72","22","67","0","50","0","50","","0","50","0","50","3","47","23","22","0","0","2","28.10.12"
"480639","130","Миколаївська область","автошкола, вестибюль
вул.Горького, 22, м.Снігурівка, Снігурівський р-н, Миколаївська обл., 57300","1840","936","1856","61","855","49","904","","0","855","49","904","35","869","461","296","11","97","4","29.10.12"
"480640","130","Миколаївська область","школа №3, вестибюль
вул.Чайковського, 55, м.Снігурівка, Снігурівський р-н, Миколаївська обл., 57300","1112","530","1110","39","547","35","582","","0","547","35","582","54","528","234","203","5","84","2","29.10.12"
"480641","130","Миколаївська область","кінотеатр ім.Ілліча, вестибюль
вул.Чайковського, 57, м.Снігурівка, Снігурівський р-н, Миколаївська обл., 57300","1336","686","1313","35","628","22","650","","0","628","22","650","36","614","295","216","7","93","3","29.10.12"
"480642","130","Миколаївська область","школа №1, вестибюль
вул.Леніна, 138, м.Снігурівка, Снігурівський р-н, Миколаївська обл., 57300","2152","1099","2139","62","1010","43","1053","","0","1010","43","1053","43","1010","518","335","11","139","7","30.10.12"
"480643","130","Миколаївська область","будинок культури, вестибюль
вул.Суворова, 61, м.Снігурівка, Снігурівський р-н, Миколаївська обл., 57300","2264","1113","2268","31","1128","23","1151","","0","1128","23","1151","63","1088","458","502","14","107","7","30.10.12"
"480644","130","Миколаївська область","Снігурівський БТДЮ, вестибюль
вул.Леніна, 87, м.Снігурівка, Снігурівський р-н, Миколаївська обл., 57300","1888","879","1856","42","973","36","1009","","0","973","36","1009","40","969","500","358","16","88","7","29.10.12"
"480645","130","Миколаївська область","актовий зал поліклініки ЦРЛ
вул.Жовтнева, 1, м.Снігурівка, Снігурівський р-н, Миколаївська обл., 57300","72","34","46","32","8","30","38","","0","8","30","38","2","36","18","10","4","3","1","29.10.12"
"480646","130","Миколаївська область","житлова кімната відділення №2 СВК №5
вул.Суворова, 1, с.Центральне, Снігурівський р-н, Миколаївська обл., 57361","488","90","398","0","398","0","398","","0","398","0","398","53","345","46","225","38","19","17","29.10.12"
