"№ ВД","OBO","Назва регіону України","Місцезнаходження та адреса приміщення для голосування","1) К-сть одержаних бюлетенів","2) К-сть невикористаних бюлетенів","3) К-сть виборців, внесених до списку виборців","4) К-сть виборців, внесених до витягу зі списку виборців","5) К-сть виборців, які отримали бюлетені у приміщенні","6) К-сть виборців, які отримали за місцем перебування","7) Сумарна к-сть виборців, які отримали бюлетені","8) К-сть бюлетенів, що виявилися у кожній скринці","9) К-сть бюлетенів, що не підлягають врахуванню","10) К-сть виборців, які взяли участь у голос. у приміщенні для гол.","11) К-сть виборців, які взяли участь у голос. за місцем перебування","12) К-сть виборців, які взяли участь у голосуванні на виборчій дільниці","13) К-сть бюлетенів, визнаних недійсними","14) Сумарна к-сть голосів виборців ЗА","Бугрєєв
Сергій
Іванович","Гавриш
Степан
Богданович","Клімко
Віталій
Валерійович","Федоровський
Геннадій
Анатолійович","Черкашин
Юрій
Анатолійович","Шенцев
Дмитро
Олексійович","Дата підписання протоколу"
"630215","176","Харківська область","бурякопункт, зала, 1-й поверх.
вул.Свердлова, 4, смт Великий Бурлук, Великобурлуцький р-н, Харківська обл., 62601","760","375","720","41","344","41","385","","0","344","41","385","20","365","6","69","36","3","63","188","29.10.12"
"630216","176","Харківська область","будинок культури, фойе, 1-й поверх.
вул.Леніна, 3, смт Великий Бурлук, Великобурлуцький р-н, Харківська обл., 62602","1496","633","1472","50","819","44","863","","0","819","44","863","37","826","8","174","93","14","181","356","29.10.12"
"630217","176","Харківська область","школа, фойє, 1-й поверх.
вул.Леніна, 11А, смт Великий Бурлук, Великобурлуцький р-н, Харківська обл., 62602","1424","607","1443","74","753","64","817","","0","753","64","817","35","782","10","183","90","12","172","315","29.10.12"
"630218","176","Харківська область","ПСП ""МАЯК"", зала, 1-й поверх.
вул.Фрунзе, 1, с.Горяне, Великобурлуцький р-н, Харківська обл., 62602","784","346","769","77","364","74","438","","0","364","74","438","21","417","7","57","36","4","77","236","29.10.12"
"630219","176","Харківська область","адмінбудівля сільгосптехніки, зал засідань, 1-й поверх
вул.Сільгосптехніка, 10А, смт Великий Бурлук, Великобурлуцький р-н, Харківська обл., 62602","616","298","604","40","281","37","318","","0","281","37","318","14","304","3","48","19","4","65","165","29.10.12"
"630220","176","Харківська область","сільський клуб, зала, 1-й поверх.
вул.Центральна, 1, с.Канівцеве, Великобурлуцький р-н, Харківська обл., 62627","152","44","150","18","92","16","108","","0","92","16","108","4","104","0","22","18","3","17","44","28.10.12"
"630221","176","Харківська область","школа, спортивна зала, 1-й поверх.
вул.Петровського, 18А, с.Плоске, Великобурлуцький р-н, Харківська обл., 62607","1008","513","999","71","432","63","495","","0","432","63","495","27","468","3","72","48","6","82","257","29.10.12"
"630222","176","Харківська область","Приколотнянська селищна рада, актова зала, 1-й поверх
вул.Лісна, 1, смт Приколотне, Великобурлуцький р-н, Харківська обл., 62630","1032","420","1042","75","547","65","612","","0","547","65","612","17","595","2","48","20","11","103","411","29.10.12"
"630223","176","Харківська область","школа, фойє, 1-й поверх.
вул.Шкільна, 2, смт Приколотне, Великобурлуцький р-н, Харківська обл., 62630","784","401","767","64","324","59","383","","0","324","59","383","14","369","3","64","15","3","65","219","29.10.12"
"630224","176","Харківська область","школа, спортзал, 1-й поверх.
вул.Жовтнева, 7, с.Андріївка, Великобурлуцький р-н, Харківська обл., 62642","896","433","880","63","400","63","463","","0","400","63","463","20","443","2","99","21","4","72","245","29.10.12"
"630225","176","Харківська область","фельдшерсько-акушерський пункт, фойє, 1-й поверх
вул.Центральна, 26, с.Зарубінка, Великобурлуцький р-н, Харківська обл., 62620","176","46","176","15","116","14","130","","0","116","14","130","7","123","0","11","3","1","15","93","29.10.12"
"630226","176","Харківська область","будинок культури, фойє, 1-й поверх.
вул.Синько, 26Б, с.Вільхуватка, Великобурлуцький р-н, Харківська обл., 62620","1016","457","993","74","490","69","559","","0","490","69","559","20","539","8","50","27","9","168","277","29.10.12"
"630227","176","Харківська область","школа, фойє, 1-й поверх.
вул.Трудова, 5, с.Устинівка, Великобурлуцький р-н, Харківська обл., 62612","168","56","167","34","78","34","112","","0","78","34","112","2","110","1","14","2","2","31","60","29.10.12"
"630228","176","Харківська область","будинок культури, фойє, 2-й поверх.
вул.Радянська, 52, с.Гнилиця, Великобурлуцький р-н, Харківська обл., 62609","472","183","472","76","220","69","289","","0","220","69","289","8","281","6","40","21","2","19","193","28.10.12"
"630229","176","Харківська область","клуб, зала, 1-й поверх.
вул.Молодіжна, 6, с.Гнилиця Перша, Великобурлуцький р-н, Харківська обл., 62609","384","132","384","30","225","27","252","","0","225","27","252","10","242","0","20","12","0","37","173","29.10.12"
"630230","176","Харківська область","навчально-виховний комплекс, актова зала, 1-й поверх.
вул.Радянська, 24, с.Григорівка, Великобурлуцький р-н, Харківська обл., 62640","520","173","513","45","308","39","347","","0","308","39","347","14","333","4","57","36","4","52","180","29.10.12"
"630231","176","Харківська область","будинок культури, фойє, 1-й поверх.
вул.Польова, 8, с.Катеринівка, Великобурлуцький р-н, Харківська обл., 62641","544","201","497","44","302","41","343","","0","302","41","343","15","328","6","52","26","5","21","218","29.10.12"
"630232","176","Харківська область","клуб, глядацька зала, 1-й поверх
вул.Миру, 3, с.Малий Бурлук, Великобурлуцький р-н, Харківська обл., 62624","288","93","277","25","173","22","195","","0","173","22","195","3","192","3","27","14","2","29","117","28.10.12"
"630233","176","Харківська область","школа, спортзал, 1-й поверх.
вул.Осипова, 17, с.Шевченкове, Великобурлуцький р-н, Харківська обл., 62627","184","44","189","27","116","24","140","","0","116","24","140","10","130","0","17","17","3","30","63","29.10.12"
"630234","176","Харківська область","школа, спортзал, 1-й поверх.
вул.Леніна, 86, с.Мілове, Великобурлуцький р-н, Харківська обл., 62622","408","133","405","50","230","45","275","","0","230","45","275","9","266","1","30","12","2","42","179","29.10.12"
"630235","176","Харківська область","школа, фойє, 1-й поверх.
вул.Шкільна, 10, с.Нова Олександрівка, Великобурлуцький р-н, Харківська обл., 62653","448","210","440","40","202","36","238","","0","202","36","238","11","227","4","35","20","2","57","109","28.10.12"
"630236","176","Харківська область","будинок культури, фойє, 1-й поверх.
вул.Центральна, 2, с.Підсереднє, Великобурлуцький р-н, Харківська обл., 62608","1024","550","1014","68","417","57","474","","0","417","57","474","24","450","6","45","26","5","44","324","29.10.12"
"630237","176","Харківська область","школа, фойє, 1-й поверх.
мікрорайон, 35, с.Рублене, Великобурлуцький р-н, Харківська обл., 62610","472","229","461","29","216","27","243","","0","216","27","243","8","235","8","30","14","3","28","152","29.10.12"
"630238","176","Харківська область","дитячий садок, гральна зала, 1-й поверх.
вул.Праці, 5Б, с-ще Федорівка, Великобурлуцький р-н, Харківська обл., 62625","664","265","651","42","357","42","399","","0","357","42","399","14","385","3","17","23","2","38","302","29.10.12"
"630239","176","Харківська область","школа, спортзал, 1-й повеох.
вул.Шкільна, 6, с.Хатнє, Великобурлуцький р-н, Харківська обл., 62626","456","137","450","51","271","48","319","","0","271","48","319","13","306","4","24","22","0","67","189","28.10.12"
"630240","176","Харківська область","навчально-виховний комплекс, спортзал, 1-й поверх.
вул.Центральна, 17, с.Червона хвиля, Великобурлуцький р-н, Харківська обл., 62650","1032","493","1011","70","473","66","539","","0","473","66","539","11","528","8","138","34","6","73","269","29.10.12"
"630241","176","Харківська область","навчально-виховний комплекс, спортзал, 1-й поверх.
вул.40 років Перемоги, 18, с.Чорне, Великобурлуцький р-н, Харківська обл., 62613","432","104","420","46","283","45","328","","0","283","45","328","19","309","5","16","16","1","24","247","28.10.12"
"630242","176","Харківська область","школа, фойє, 1-й поверх.
вул.Леніна, 19, с.Шипувате, Великобурлуцький р-н, Харківська обл., 62651","1152","527","1135","64","570","55","625","","0","570","55","625","20","605","10","79","50","5","65","396","29.10.12"
"630243","176","Харківська область","будинок культури, хол
пл.імені Смільського, 1, м.Вовчанськ, Вовчанський р-н, Харківсько обл., 62503","2408","1045","2372","56","1314","49","1363","","0","1314","49","1363","72","1291","17","370","132","15","162","595","28.10.12"
"630244","176","Харківська область","ліцей №2, хол
вул.Гагаріна, 12, м.Вовчанськ, Вовчанський р-н, Харківська обл., 62504","2408","1103","2347","67","1256","49","1305","","0","1256","49","1305","48","1257","10","355","132","23","151","586","29.10.12"
"630245","176","Харківська область","школа, хол
вул.Червоноармійська, 26, м.Вовчанськ, Вовчанський р-н, Харківська обл., 62503","2167","1042","2155","83","1075","50","1125","","0","1075","50","1125","42","1083","12","377","95","20","105","474","29.10.12"
"630246","176","Харківська область","школа, хол
вул.Артема, 29, м.Вовчанськ, Вовчанський р-н, Харківська обл., 62501","2432","1349","2426","79","1009","74","1083","","0","1009","74","1083","40","1043","7","424","83","11","95","423","29.10.12"
"630247","176","Харківська область","Вовчанський технікум ХНТУСГ імені Петра Василенка, хол
вул.Леніна, 93А, м.Вовчанськ, Вовчанський р-н, Харківська обл., 60502","1784","859","1764","67","868","57","925","","0","868","57","925","44","881","7","246","87","20","109","412","29.10.12"
"630248","176","Харківська область","дитсадок, актова зала
вул.Пролетарське Поле, 11, м.Вовчанськ, Вовчанський р-н, Харківська обл., 62501","1760","904","1738","58","803","53","856","","0","803","53","856","36","820","8","322","51","9","96","334","29.10.12"
"630249","176","Харківська область","гімназія №1, хол
вул.Гоголя, 27, м.Вовчанськ, Вовчанський р-н, Харківська обл., 62503","1744","848","1739","25","872","24","896","","0","872","24","896","44","852","7","259","104","9","85","388","29.10.12"
"630250","176","Харківська область","школа, хол
вул.Чкалова, 13, м.Вовчанськ, Вовчанський р-н, Харківська обл., 62502","2024","1000","2015","171","893","131","1024","","0","893","131","1024","40","984","11","387","78","7","56","445","29.10.12"
"630251","176","Харківська область","будинок культури, хол
вул.Димитрова, 2А, смт Білий Колодязь, Вовчанський р-н, Харківська обл., 62540","1616","792","1605","70","776","48","824","","0","776","48","824","53","771","11","133","50","15","72","490","28.10.12"
"630252","176","Харківська область","школа, хол
вул.Ватутіна, 2, смт Білий Колодязь, Вовчанський р-н, Харківська обл., 62540","1496","811","1455","62","634","51","685","","0","634","51","685","27","658","5","142","54","1","70","386","28.10.12"
"630253","176","Харківська область","селищна рада, зала засідань
вул.Шевченка, 51, смт Вільча, Вовчанський р-н, Харківська обл., 62500","1440","526","1428","129","810","104","914","","0","810","104","914","54","860","8","261","92","15","80","404","29.10.12"
"630254","176","Харківська область","будинок культури, хол
вул.Перемоги, 21, смт Старий Салтів, Вовчанський р-н, Харківська обл., 62560","1888","859","1862","71","962","67","1029","","0","962","67","1029","103","926","10","251","85","19","97","464","29.10.12"
"630255","176","Харківська область","школа, хол
вул.Перемоги, 34, смт Старий Салтів, Вовчанський р-н, Харківська обл., 62560","1256","723","1226","66","476","57","533","","0","476","57","533","21","512","5","205","36","5","37","224","29.10.12"
"630256","176","Харківська область","будинок культури, хол
вул.Петрівського, 55, с.Петрівське, Вовчанський р-н, Харківська обл., 62561","632","260","617","52","324","48","372","","0","324","48","372","16","356","6","50","25","20","55","200","29.10.12"
"630257","176","Харківська область","школа, хол
вул.Миру, 10, с.Вовчанські Хутори, Вовчанський р-н, Харківська обл., 62508","1328","535","1318","75","723","70","793","","0","723","70","793","25","768","7","229","63","9","96","364","29.10.12"
"630258","176","Харківська область","школа, хол
вул.Колокольцова, 44, с.Волохівка, Вовчанський р-н, Харківська обл., 62520","504","219","497","43","248","37","285","","0","248","37","285","13","272","6","68","10","1","18","169","28.10.12"
"630259","176","Харківська область","будинок культури, фойє
пров.імені Рєзніка О.М., 7, с.Гатище, Вовчанський р-н, Харківська обл., 62509","544","214","533","79","259","71","330","","0","259","71","330","20","310","4","81","25","3","24","173","28.10.12"
"630260","176","Харківська область","сільська рада, кабінет голови
вул.Дмитрівська, 96, с.Гонтарівка, Вовчанський р-н, Харківська обл., 62570","272","87","278","32","158","27","185","","0","158","27","185","7","178","4","69","15","2","8","80","28.10.12"
"630261","176","Харківська область","будинок культури, хол
вул.Миру, 3, с.Профінтерн, Вовчанський р-н, Харківська обл., 62570","216","66","210","13","137","13","150","","0","137","13","150","3","147","3","68","4","2","26","44","28.10.12"
"630262","176","Харківська область","школа, фойє
вул.Перемоги, 17/1, с.Томахівка, Вовчанський р-н, Харківська обл., 62571","368","152","359","50","170","46","216","","0","170","46","216","8","208","0","56","11","1","7","133","28.10.12"
"630263","176","Харківська область","будинок культури, фойє
пров.Клубний, 155А, с.Варварівка (Жовтнева Друга сільська рада), Вовчанський р-н, Харківська обл., 62510","696","242","682","66","394","60","454","","0","394","60","454","18","436","3","61","33","4","35","300","29.10.12"
"630264","176","Харківська область","школа, хол
вул.Центральна, 254, с.Землянки, Вовчанський р-н, Харківська обл., 62512","392","105","387","42","252","35","287","","0","252","35","287","17","270","7","29","30","2","26","176","29.10.12"
"630265","176","Харківська область","школа, фойє
вул.Леніна, 89, с.Іванівка, Вовчанський р-н, Харківська обл., 62521","312","97","310","53","167","48","215","","0","167","48","215","6","209","1","32","15","0","21","140","28.10.12"
"630266","176","Харківська область","сільський клуб, актова зала
вул.Перемоги, 115, с.Захарівка, Вовчанський р-н, Харківська обл., 62521","280","73","275","35","173","34","207","","0","173","34","207","7","200","1","44","17","4","16","118","28.10.12"
"630267","176","Харківська область","школа, фойє
вул.8 Березня, 66, с.Василівка, Вовчанський р-н, Харківська обл., 62522","392","134","379","54","206","52","258","","0","206","52","258","14","244","5","41","6","0","38","154","28.10.12"
"630268","176","Харківська область","школа, фойє
вул.Польова, 1Г, с.Котівка, Вовчанський р-н, Харківська обл., 62546","192","76","190","21","95","21","116","","0","95","21","116","6","110","0","20","6","1","10","73","28.10.12"
"630269","176","Харківська область","будинок культури, актова зала
вул.Першотравнева, 53А, с.Молодова, Вовчанського р-н, Харківської обл., 62563","464","141","457","43","281","42","323","","0","281","42","323","7","316","3","18","15","3","12","265","28.10.12"
"630270","176","Харківська область","сільський клуб, фойє
вул.Центральна, 37, с.Нестерне, Вовчанського р-н, Харківської обл., 62511","168","47","165","27","95","26","121","","0","95","26","121","3","118","2","31","14","2","5","64","29.10.12"
"630271","176","Харківська область","будинок культури, хол
вул.Центральна, 29, с.Новоолександрівка, Вовчанського р-н, Харківської обл., 62545","800","266","798","77","462","72","534","","0","462","72","534","31","503","8","77","30","6","32","350","29.10.12"
"630272","176","Харківська область","приміщення їдальні, фойє
вул.Шевченко, 1, с.Лозова, Вовчанського р-н, Харківської обл., 62545","224","77","219","16","131","16","147","","0","131","16","147","8","139","0","13","9","0","6","111","29.10.12"
"630273","176","Харківська область","школа, хол
вул.Шкільна, 119, с.Охрімівка, Вовчанський р-н, Харківська обл., 62515","408","115","403","41","252","41","293","","0","252","41","293","17","276","4","41","31","1","13","186","29.10.12"
"630274","176","Харківська область","школа, хол
вул.Центральна, 128А, с.Мала Вовча, Вовчанського р-н, Харківської обл., 62516","328","112","324","36","183","33","216","","0","183","33","216","7","209","2","34","17","3","15","138","29.10.12"
"630275","176","Харківська область","школа, хол
вул.Фрунзе, 65, с.Петропавлівка, Вовчанський р-н, Харківська обл., 62544","336","107","332","29","201","28","229","","0","201","28","229","7","222","3","38","5","0","3","173","29.10.12"
"630276","176","Харківська область","школа, хол
вул.Шкільна, 1А, с.Пільна, Вовчанського р-н, Харківської обл., 64151","272","97","267","50","130","45","175","","0","130","45","175","9","166","3","34","9","1","22","97","29.10.12"
"630277","176","Харківська область","будинок культури, хол
вул.Перемоги, 5, с.Революційне, Вовчанського р-н, Харківської обл., 62551","712","317","705","48","348","47","395","","0","348","47","395","34","361","12","80","34","14","31","190","28.10.12"
"630278","176","Харківська область","колишня школа, фойє
вул.Садова, 10А, с.Шевченкове Перше, Вовчанського р-н, Харківської обл., 62551","208","68","206","32","109","31","140","","0","109","31","140","1","139","1","49","7","0","6","76","28.10.12"
"630279","176","Харківська область","будинок культури, фойє
вул.Біловодського, 40, с.Різникове, Вовчанський р-н, Харківська обл., 62513","296","67","294","37","199","30","229","","0","199","30","229","4","225","6","55","29","1","10","124","29.10.12"
"630280","176","Харківська область","сільська рада, хол
вул.Радянська, 1А, с.Рубіжне, Вовчанський р-н, Харківська обл., 62534","512","159","516","78","279","74","353","","0","279","74","353","12","341","3","43","37","2","29","227","28.10.12"
"630281","176","Харківська область","сільська рада, фойє
вул.Спартака, 440, с.Стариця, Вовчанського р-н, Харківської обл., 62530","416","158","405","49","215","43","258","","0","215","43","258","4","254","3","59","30","6","27","129","28.10.12"
"630282","176","Харківська область","школа, хол
вул.Щербака, 4, с.Хотімля, Вовчанський р-н, Харкіська обл., 62572","976","396","963","76","511","69","580","","0","511","69","580","33","547","8","129","52","5","48","305","29.10.12"
"630283","176","Харківська область","адміністративне приміщення, фойє
вул.Харківська, 74А, с.Жовтневе(Червоноармійська Перша с/р), Вовчанський р-н, Харківська обл., 62536","552","248","549","60","250","54","304","","0","250","54","304","8","296","4","86","15","6","31","154","29.10.12"
"630284","176","Харківська область","сільський клуб, фойє
вул.Хлібороба, 39, с.Червоноармійське Перше, Вовчанського р-н, Харківської обл., 62531","240","73","235","27","142","25","167","","0","142","25","167","9","158","0","24","24","4","14","92","28.10.12"
"630285","176","Харківська область","школа, хол
вул.Миру, 42, с.Радянське, Вовчанського р-н, Харківської обл., 62531","200","56","196","21","125","19","144","","0","125","19","144","11","133","1","20","12","4","10","86","28.10.12"
"630286","176","Харківська область","школа, хол
вул.Шкільна, 8, с.Пролетарське, Вовчанського р-н, Харківської обл., 62538","248","113","245","27","115","20","135","","0","115","20","135","3","132","4","37","9","2","9","71","28.10.12"
"630287","176","Харківська область","школа, хол
вул.Центральна, 2, с.Червонноармійське Друге, Вовчанський р-н, Харківська обл., 62573","456","127","444","31","301","28","329","","0","301","28","329","18","311","3","18","10","1","16","263","28.10.12"
"630288","176","Харківська область","школа, хол
вул.Шкирівка, 15, с.Шестакове, Вовчанський р-н, Харківська обл., 62562","536","235","529","47","264","37","301","","0","264","37","301","16","285","5","102","31","4","16","127","28.10.12"
"630289","176","Харківська область","будинок культури, фойє
вул.Центральна, 31, с.Юрченкове, Вовчанський р-н, Харківська обл., 62543","744","283","730","40","425","36","461","","0","425","36","461","17","444","9","70","38","8","65","254","28.10.12"
"630290","176","Харківська область","районний будинок культури, танцювальна зала
вул.35-ї Гвардійської дивізії, 12, смт Дворічна, Дворічанський р-н, Харківська обл., 62702","2400","1027","2355","111","1272","101","1373","","0","1272","101","1373","53","1320","12","317","122","20","288","561","29.10.12"
"630291","176","Харківська область","КП ""Дворічна"", зала засідань
вул.Ветеринарна, 18, смт Дворічна, Дворічанський р-н, Харківська обл., 62702","1136","507","1125","56","576","53","629","","0","576","53","629","26","603","4","162","57","10","104","266","29.10.12"
"630292","176","Харківська область","школа, вестибюль
вул.Центральна, 18, с.Западне, Дворічанський р-н, Харківська обл., 62702","232","77","231","14","143","12","155","","0","143","12","155","7","148","3","64","15","1","19","46","29.10.12"
"630293","176","Харківська область","сільський будинок культури, актова зала
вул.Миру, 140, с.Вільшана, Дворічанський р-н, Харківська обл., 62732","1048","475","1020","88","491","82","573","","0","491","82","573","24","549","6","102","41","8","77","315","28.10.12"
"630294","176","Харківська область","фельдшерсько-акушерський пункт, хол
вул.Центральна, 76, с.Лиман Перший, Дворічанський р-н, Харківська обл., 62733","152","37","149","11","104","11","115","","0","104","11","115","7","108","0","16","7","0","6","79","28.10.12"
"630295","176","Харківська область","школа, вестибюль
вул.Нова, 11, с.Першотравневе, Дворічанський р-н, Харківська обл., 62734","312","111","305","22","180","21","201","","0","180","21","201","8","193","0","23","23","4","9","134","28.10.12"
"630296","176","Харківська область","сільський будинок культури, актова зала
вул.Куйбишева, 2, с.Жовтневе, Дворічанський р-н, Харківська обл., 62724","712","238","700","46","431","43","474","","0","431","43","474","32","442","4","103","25","4","58","248","28.10.12"
"630297","176","Харківська область","школа, вестибюль
вул.Поштова, 38, с.Кам’янка, Дворічанський р-н, Харківська обл., 62710","848","340","824","93","415","93","508","","0","415","93","508","21","487","6","68","13","4","94","302","29.10.12"
"630298","176","Харківська область","бібліотека, читальна зала
вул.Центральна, 86, с.Тополі, Дворічанський р-н, Харківська обл., 62712","152","51","149","15","86","15","101","","0","86","15","101","9","92","1","11","5","2","8","65","28.10.12"
"630299","176","Харківська область","сільська рада, зала засідань
вул.Радянська, 5А, с.Колодязне, Дворічанський р-н, Харківська обл., 62713","872","322","840","84","468","82","550","","0","468","82","550","24","526","9","98","29","3","51","336","29.10.12"
"630300","176","Харківська область","сільський клуб, актова зала
вул.Миру, 54, с.Обухівка, Дворічанський р-н, Харківська обл., 62713","128","28","132","19","82","18","100","","0","82","18","100","7","93","2","16","15","2","10","48","28.10.12"
"630301","176","Харківська область","сільський клуб, актова зала
вул.Центральна, 44, с.Одрадне, Дворічанський р-н, Харківська обл., 62713","88","17","87","8","64","7","71","","0","64","7","71","4","67","1","6","9","0","18","33","28.10.12"
"630302","176","Харківська область","сільський будинок культури, актова зала
пл.Перемоги, 20, с.Кутьківка, Дворічанський р-н, Харківська обл., 62730","560","184","552","45","333","43","376","","0","333","43","376","17","359","0","122","10","1","19","207","29.10.12"
"630303","176","Харківська область","школа, спортивна зала
вул.Центральна, 71, с.Лиман Другий, Дворічанський р-н, Харківська обл., 62722","432","145","422","39","250","37","287","","0","250","37","287","7","280","2","38","10","1","29","200","28.10.12"
"630304","176","Харківська область","школа, вестибюль
вул.Шкільна, 43, с.Миколаївка, Дворічанський р-н, Харківська обл., 62721","376","107","368","27","243","26","269","","0","243","26","269","8","261","2","34","13","0","3","209","28.10.12"
"630305","176","Харківська область","школа, спортивна зала
вул.Шкільна, 12, с.Новоєгорівка, Дворічанський р-н, Харківська обл., 62740","544","207","540","49","291","46","337","","0","291","46","337","4","333","7","33","21","4","31","237","29.10.12"
"630306","176","Харківська область","сільський клуб, актова зала
вул.Жовтнева, 10, с.Великий Виселок, Дворічанський р-н, Харківська обл., 62741","216","48","211","8","160","8","168","","0","160","8","168","5","163","1","23","4","0","12","123","28.10.12"
"630307","176","Харківська область","адмінбудинок ПП ""Ельдар плюс"", зала засідань
вул.Жовтнева, 3, с.Гракове, Дворічанський р-н, Харківська обл., 62740","232","97","221","14","125","10","135","","0","125","10","135","16","119","4","21","5","2","9","78","29.10.12"
"630308","176","Харківська область","фельдшерсько-акушерський пункт, хол
вул.Чапаєва, 3, с.Терни, Дворічанський р-н, Харківська обл., 62742","136","35","133","8","94","7","101","","0","94","7","101","4","97","0","19","10","1","10","57","28.10.12"
"630309","176","Харківська область","школа, спортивна зала
вул.Центральна, 116, с.Петро-Іванівка, Дворічанський р-н, Харківська обл., 62720","560","136","548","78","346","78","424","","0","346","78","424","12","412","5","75","15","37","4","276","29.10.12"
"630310","176","Харківська область","школа, вестибюль
пл.Центральна, 6, с-ще Тополі, Дворічанський р-н, Харківська обл., 62715","992","338","980","97","558","96","654","","0","558","96","654","11","643","4","75","20","7","59","478","29.10.12"
"630311","176","Харківська область","сільський будинок культури, актова зала
вул.Чкалова, 13, с.Рідкодуб, Дворічанський р-н, Харківська обл., 62723","472","170","410","50","253","49","302","","0","253","49","302","7","295","0","79","8","1","28","179","29.10.12"
"630312","176","Харківська область","сільський будинок культури, актова зала
вул.Центральна, 3, с.Тавільжанка, Дворічанський р-н, Харківська обл., 62731","1104","454","1083","98","559","91","650","","0","559","91","650","24","626","7","145","29","13","99","333","29.10.12"
"630313","176","Харківська область","школа, спортивна зала
вул.Привокзальна, 51, с-ще Дворічне, Дворічанський р-н, Харківська обл., 62701","1248","614","1226","100","537","97","634","","0","537","97","634","28","606","6","94","47","6","92","361","29.10.12"
"630314","176","Харківська область","сільський клуб, актова зала
вул.Миру, 8, с.Токарівка, Дворічанський р-н, Харківська обл., 62743","512","107","505","53","352","53","405","","0","352","53","405","7","398","1","28","28","3","63","275","28.10.12"
"630734","176","Харківська область","районний будинок культури, мала зала
вул.Леніна, 56, смт Печеніги, Печенізький р-н, Харківська обл., 62801","2368","1053","2295","65","1259","56","1315","","0","1259","56","1315","37","1278","3","600","74","17","121","463","29.10.12"
"630735","176","Харківська область","ліцей імені Г.Семирадського, вестибюль
вул.Леніна, 48, смт Печеніги, Печенізький р-н, Харківська обл., 62801","872","421","859","27","429","22","451","","0","429","22","451","9","442","2","207","23","3","44","163","29.10.12"
"630736","176","Харківська область","школа, коридор
вул.Радянська, 72, смт Печеніги, Печенізький р-н, Харківська обл., 62801","1232","657","1214","44","542","33","575","","0","542","33","575","16","559","4","243","44","9","47","212","29.10.12"
"630738","176","Харківська область","сільський клуб, актова зала
вул.Назарова, 32, с.П’ятницьке, Печенізький р-н, Харківська обл., 62809","104","21","110","14","69","14","83","","0","69","14","83","2","81","0","17","4","0","6","54","29.10.12"
"630739","176","Харківська область","сільський клуб, актова зала
вул.Комсомольська, 5, с.Кицівка, Печенізький р-н, Харківська обл., 62801","224","66","218","16","144","14","158","","0","144","14","158","5","153","3","38","3","2","10","97","28.10.12"
"630740","176","Харківська область","сільський клуб, актова зала
вул.Шкільна, 3, с.Новокомсомольське, Печенізький р-н, Харківська обл., 62801","256","90","257","8","161","5","166","","0","161","5","166","6","160","1","60","4","0","4","91","28.10.12"
"630741","176","Харківська область","навчально-виховний комплекс, коридор
вул.Камишева, 2А, с.Артемівка, Печенізький р-н, Харківська обл., 62821","904","392","882","69","458","54","512","","0","458","54","512","28","484","5","144","44","4","76","211","28.10.12"
"630742","176","Харківська область","сільський клуб, актова зала
вул.Молодіжна, 65, с.Борщова, Печенізький р-н, Харківська обл., 62810","232","88","220","26","121","23","144","","0","121","23","144","8","136","1","27","8","1","5","94","29.10.12"
"630743","176","Харківська область","культурно-спортивний комплекс, вестибюль
вул.Гагаріна, 1Б, с.Мартове, Печенізький р-н, Харківська обл., 62820","1640","786","1647","108","761","93","854","","0","761","93","854","50","804","12","190","115","11","59","417","29.10.12"
"630744","176","Харківська область","навчально-виховний комплекс, коридор
вул.Комсомольська, 3, с.Новий Бурлук, Печенізький р-н, Харківська обл., 62822","624","233","619","75","319","72","391","","0","319","72","391","17","374","4","138","25","2","29","176","28.10.12"
"630884","176","Харківська область","Введенський навчально-виховальний комплекс, фойє
вул.Кірова, 150, смт Введенка, Чугуївський р-н, Харківська обл., 63520","1872","856","1849","53","965","51","1016","","0","965","51","1016","8","1008","5","34","44","5","72","848","29.10.12"
"630885","176","Харківська область","Селищна рада, зала засідань
вул.Радянська, 16, с.Тернова, Чугуївський р-н, Харківська обл., 63521","1232","521","1215","43","668","43","711","","0","668","43","711","10","701","10","41","59","7","53","531","29.10.12"
"630886","176","Харківська область","Тернівська школа, фойє
вул.Радянська, 251, с.Тернова, Чугуївський р-н, Харківська обл., 63521","1360","676","1331","40","646","38","684","","0","646","38","684","60","624","16","68","50","5","57","428","29.10.12"
"630887","176","Харківська область","Селищна рада, зала обрядів
вул.Радянська, 16, с.Тернова, Чугуївський р-н, Харківська обл., 63521","552","271","551","34","247","34","281","","0","247","34","281","18","263","0","27","30","4","19","183","28.10.12"
"630888","176","Харківська область","Будинок культури, фойє, 2-й поверх
вул.Миру, 6, смт Есхар, Чугуївський р-н, Харківська обл., 63524","2216","1003","2187","60","1161","52","1213","","0","1160","52","1212","56","1156","20","144","153","23","179","637","28.10.12"
"630889","176","Харківська область","Есхарівська школа, фойє, 2-й поверх
вул.Леніна, 2, смт Есхар, Чугуївський р-н, Харківська обл., 63524","2224","1109","2202","59","1066","49","1115","","0","1066","49","1115","69","1046","14","130","111","16","161","614","28.10.12"
"630890","176","Харківська область","Кочетоцька школа, фойє
вул.Жовтнева, 18, смт Кочеток, Чугуївський р-н, Харківська обл., 63513","1528","551","1492","48","934","43","977","","0","934","43","977","55","922","11","164","96","21","133","497","29.10.12"
"630891","176","Харківська область","Кочетоцька санаторна школа-інтернат, фойє
вул.Леніна, 41, смт Кочеток, Чугуїіський р-н, Харківська обл., 63513","1104","458","1094","23","623","23","646","","0","623","23","646","25","621","5","89","79","12","127","309","29.10.12"
"630892","176","Харківська область","Малинівська гімназія, фойє і коридор, 1-й поверх
вул.Інтернаціональна, 71, смт Малинівка, Чугуївський р-н, Харківська обл., 63525","1584","726","1577","76","787","71","858","","0","787","71","858","36","822","6","88","54","11","225","438","29.10.12"
"630893","176","Харківська область","Будинок культури, глядацька зала
вул.Пушкіна, 1, смт Малинівка, Чугуївський р-н, Харківська обл., 63525","1928","969","1920","41","922","37","959","","0","922","37","959","43","916","9","99","66","4","232","506","29.10.12"
"630894","176","Харківська область","Малинівська школа №2, кабінет математики і кабінет історії
вул.Дзержинського, 120, смт Малинівка, Чугуївський р-н, Харківська обл., 63525","1760","926","1770","52","789","45","834","","0","789","45","834","44","790","8","92","62","18","163","447","29.10.12"
"630895","176","Харківська область","Новопокровський навчально-виховальний комплекс, спортивна зала
вул.Гагаріна, 32, смт Новопокровка, Чугуївський р-н, Харківська обл., 63523","2088","939","2061","41","1109","40","1149","","0","1109","40","1149","66","1083","8","72","97","13","65","828","29.10.12"
"630896","176","Харківська область","Будинок культури, фойє
вул.Петровського, 14, смт Новопокровка, Чугуївський р-н, Харківська обл., 63523","2072","814","2046","36","1224","34","1258","","0","1224","34","1258","58","1200","9","118","89","14","148","822","29.10.12"
"630897","176","Харківська область","Будинок культури, 1 частина спортивної зали
вул.Леніна, 1, смт Чкаловське, Чугуївський р-н, Харківська обл., 63544","1896","887","1853","38","972","37","1009","","0","972","37","1009","59","950","8","124","65","8","142","603","29.10.12"
"630898","176","Харківська область","Будинок культури, 2 частина спортивної зали
вул.Леніна, 1, смт Чкаловське, Чугуївський р-н, Харківська обл., 63544","1904","811","1880","67","1026","67","1093","","0","1026","67","1093","59","1034","14","177","74","16","141","612","29.10.12"
"630899","176","Харківська область","Новогнилицька школа, фойє
вул.Леніна, 89А, с.Нова Гнилиця, Чугуївський р-н, Харківська обл., 63542","352","127","353","23","203","22","225","","0","203","22","225","8","217","4","17","11","1","24","160","28.10.12"
"630900","176","Харківська область","Базаліївська школа, фойє
вул.Миру, 1, с.Базаліївка, Чугуївський р-н, Харківська обл., 63531","496","193","488","45","266","37","303","","0","266","37","303","11","292","2","93","13","1","12","171","28.10.12"
"630901","176","Харківська область","Великобабчанський навчально-виховальний комплекс, їдальня
вул.Перемоги, 24, с.Велика Бабка, Чугуївський р-н, Харківська обл., 63510","480","174","477","48","263","43","306","","0","263","43","306","13","293","1","42","19","3","37","191","29.10.12"
"630902","176","Харківська область","Волохово-Ярський навчально-виховальний комплекс, спортивна зала
вул.Миру, 3, с.Волохів Яр, Чугуївський р-н, Харківська обл., 63552","1048","348","1030","86","620","80","700","","0","620","80","700","44","656","10","36","93","7","61","449","29.10.12"
"630903","176","Харківська область","Граківська школа, фойє
вул.Перемоги, 12, с.Гракове, Чугуївський р-н, Харківська обл., 63542","568","206","566","37","326","36","362","","0","326","36","362","20","342","1","25","19","0","43","254","29.10.12"
"630904","176","Харківська область","Адмінбудівля елеватора, їдальня
пров.Перемоги, 1, с-ще Залізничне, Чугуївський р-н, Харківська обл., 63543","256","65","245","15","177","14","191","","0","177","14","191","6","185","1","11","8","0","14","151","29.10.12"
"630905","176","Харківська область","Зарожненський навчально-виховальний комплекс, спортивна зала
пров.Шкільний, 2, с.Зарожне, Чугуївський р-н, Харківська обл., 63511","568","174","560","45","349","45","394","","0","349","45","394","18","376","0","30","18","5","26","297","28.10.12"
"630906","176","Харківська область","Іванівський навчально-виховальний комплекс, фойє
вул.Леніна, 1, с.Іванівка, Чугуївський р-н, Харківська обл., 63551","992","214","981","56","724","54","778","","0","724","54","778","20","758","3","52","29","5","46","623","29.10.12"
"630907","176","Харківська область","Кам’яноярузький навчально-виховальний комплекс, спортивна зала
вул.Миру, 1А, с.Кам’яна Яруга, Чугуївський р-н, Харківська обл., 63512","1712","809","1675","79","837","66","903","","0","837","66","903","38","865","8","92","65","8","114","578","29.10.12"
"630908","176","Харківська область","Коробочкинський навчально-виховальний комплекс, фойє
вул.майдан Шкільний, 5, с.Коробочкине, Чугуївський р-н, Харківська обл., 63540","2344","1086","2308","112","1148","110","1258","","0","1148","110","1258","40","1218","6","84","54","11","106","957","29.10.12"
"630909","176","Харківська область","Сільська рада, фойє
вул.майдан Шкільний, 1, с.Коробочкине, Чугуївський р-н, Харківська обл., 63540","328","136","317","8","185","7","192","","0","185","7","192","1","191","0","23","4","0","12","152","28.10.12"
"630910","176","Харківська область","Будинок культури, актова зала
вул.Леніна, 50, с.Леб’яже, Чугуївський р-н, Харківська обл., 63530","1400","535","1380","64","802","63","865","","0","802","63","865","57","808","9","103","76","8","81","531","29.10.12"
"630911","176","Харківська область","Мосьпанівська школа, їдальня
вул.Маслова, 1А, с.Мосьпанове, Чугуївський р-н, Харківська обл., 63550","736","177","724","68","492","67","559","","0","492","67","559","15","544","8","50","15","4","29","438","28.10.12"
"630912","176","Харківська область","Старогнилицька школа, спортивна зала
вул.Леніна, 46, с.Стара Гнилиця, Чугуївський р-н, Харківська обл., 63541","608","71","601","34","504","33","537","","0","504","33","537","18","519","1","22","25","5","14","452","29.10.12"
"630913","176","Харківська область","Старопокровська школа, фойє і коридор
вул.Жовтнева, 52А, с.Стара Покровка, Чугуївський р-н, Харківська обл., 63523","736","283","722","53","403","50","453","","0","403","50","453","13","440","3","42","29","3","34","329","28.10.12"
"630914","176","Харківська область","Юрченківська школа, спортивна зала
вул.Шкільна, 8А, с.Юрченкове, Чугуївський р-н, Харківська обл., 63532","288","137","281","22","132","19","151","","0","132","19","151","8","143","1","13","10","2","15","102","28.10.12"
"631072","176","Харківська область","школа №4, хол
вул.Свердлова, 14, м.Чугуїв, Харківська обл., 63503","1656","809","1643","29","822","25","847","","0","822","25","847","45","802","11","96","73","7","134","481","29.10.12"
"631073","176","Харківська область","навчально-виховний комплекс №6, хол
м-н’Авіатор’, 58А, м.Чугуїв, Харківська обл., 63501","1912","788","1890","48","1080","44","1124","","0","1080","44","1124","41","1083","13","95","104","11","200","660","29.10.12"
"631074","176","Харківська область","навчально-виховний комплекс №6, спортивна зала
м-н’Авіатор’, 58А, м.Чугуїв, Харківська обл., 63501","2024","1000","2002","20","1008","16","1024","","0","1008","16","1024","40","984","6","88","102","17","181","590","29.10.12"
"631075","176","Харківська область","аграрний ліцей, хол
пл.Жовтня, 10А, м.Чугуїв, Харківська обл., 63503","1280","591","1272","20","673","16","689","","0","673","16","689","36","653","7","82","77","7","86","394","28.10.12"
"631076","176","Харківська область","гімназія №5, хол
пл.Руднєва, 1А, м.Чугуїв, Харківська обл., 63503","1920","917","1900","27","982","21","1003","","0","981","21","1002","30","972","14","117","134","16","147","544","29.10.12"
"631077","176","Харківська область","школа №8, хол
вул.Якіра, 18, м.Чугуїв, Харківська обл., 63503","1616","716","1586","41","864","36","900","","0","864","36","900","48","852","11","88","101","12","159","481","29.10.12"
"631078","176","Харківська область","БДЮТ, актова зала
вул.Харківська, 112, м.Чугуїв, Харківська обл., 63503","2144","872","2119","66","1216","56","1272","","0","1216","56","1272","52","1220","9","105","129","24","233","720","29.10.12"
"631079","176","Харківська область","ДЮСШ, спортивна зала
вул.Кожедуба, 24, м.Чугуїв, Харківська обл., 63503","1608","702","1578","36","874","32","906","","0","874","32","906","51","855","8","93","106","12","158","478","29.10.12"
"631080","176","Харківська область","Районний Будинок культури, хол
вул.Гвардійська, 13, м.Чугуїв, Харківська обл., 63503","1784","745","1762","44","997","42","1039","","0","997","42","1039","55","984","7","81","96","10","225","565","29.10.12"
"631081","176","Харківська область","школа №1, спортивна зала
вул.Гвардійська, 20, м.Чугуїв, Харківська обл., 63503","1984","822","1952","47","1121","41","1162","","0","1121","41","1162","39","1123","8","124","149","18","191","633","29.10.12"
"631082","176","Харківська область","школа №7, хол
пл.Матросова, 1А, м.Чугуїв, Харківська обл., 63503","2400","1227","2381","24","1151","22","1173","","0","1150","22","1172","55","1117","9","135","130","19","173","651","29.10.12"
"631083","176","Харківська область","гуртожиток, червоний кут
вул.Дружби, 7А, м.Чугуїв, Харківська обл., 63506","2032","941","2015","38","1057","34","1091","","0","1057","34","1091","55","1036","13","93","76","6","153","695","29.10.12"
"631084","176","Харківська область","школа №7, спортивна зала
пл.Матросова, 1А, м.Чугуїв, Харківська обл., 63503","1192","658","1183","23","517","17","534","","0","517","17","534","29","505","8","51","71","9","77","289","29.10.12"
"631085","176","Харківська область","школа №3, хол
вул.Осинівська, 48, м.Чугуїв, Харківська обл., 63503","1688","831","1675","61","800","57","857","","0","800","57","857","35","822","10","138","73","12","184","405","29.10.12"
"631086","176","Харківська область","Клугино-Башкирівська школа, хол
вул.Горішного, Клугино-Башкирівська школа, м.Чугуїв, Харківська обл., 63505","1280","606","1262","8","666","8","674","","0","666","8","674","33","641","5","88","83","9","77","379","29.10.12"
"631087","176","Харківська область","Клугино-Башкирівська школа, спортивна зала
вул.Горішного, Клугино-Башкирівська школа, м.Чугуїв, Харківська обл., 63505","2392","1055","2359","6","1333","4","1337","","0","1333","4","1337","64","1273","13","126","133","22","174","805","29.10.12"
"631088","176","Харківська область","лікарня, хол
вул.Гвардійська, 52, м.Чугуїв, Харківська обл., 63503","104","11","99","45","54","39","93","","0","54","39","93","3","90","0","6","10","1","9","64","29.10.12"
