"№ ВД","OBO","Назва регіону України","Місцезнаходження та адреса приміщення для голосування","1) К-сть одержаних бюлетенів","2) К-сть невикористаних бюлетенів","3) К-сть виборців, внесених до списку виборців","4) К-сть виборців, внесених до витягу зі списку виборців","5) К-сть виборців, які отримали бюлетені у приміщенні","6) К-сть виборців, які отримали за місцем перебування","7) Сумарна к-сть виборців, які отримали бюлетені","8) К-сть бюлетенів, що виявилися у кожній скринці","9) К-сть бюлетенів, що не підлягають врахуванню","10) К-сть виборців, які взяли участь у голос. у приміщенні для гол.","11) К-сть виборців, які взяли участь у голос. за місцем перебування","12) К-сть виборців, які взяли участь у голосуванні на виборчій дільниці","13) К-сть бюлетенів, визнаних недійсними","14) Сумарна к-сть голосів виборців ЗА","Борковець
Алла
Олексіївна","Васильєв
Олександр
Андрійович","Прилепський
Віктор
Володимирович","Сучков
Олексій
Анатолійович","Шанова
Людмила
Миколаївна","Дата підписання протоколу"
"140087","59","Донецька область","Великоновосілківський професійний ліцей, фойє
вул.Зарічна, 34, смт Велика Новосілка, Великоновосілківський р-н, Донецька обл., 85500","568","115","566","11","442","11","453","","0","442","11","453","19","434","72","269","58","19","16","29.10.12"
"140088","59","Донецька область","Великоновосілківська гімназія, фойє
вул.Весела, 40А, смт Велика Новосілка, Великоновосілківський р-н, Донецька обл., 85500","1384","168","1368","55","1161","55","1216","","0","1161","55","1216","27","1189","239","861","44","26","19","29.10.12"
"140089","59","Донецька область","районний культурно-оздоровчий комплекс, гостьова, 2-й поверх
вул.Октябрська, 33, смт Велика Новосілка, Великоновосілківський р-н, Донецька обл., 85500","2016","221","1991","82","1713","82","1795","","0","1713","82","1795","22","1773","246","1442","11","29","45","29.10.12"
"140090","59","Донецька область","школа №2, їдальня
вул.Інтернаціональна, 1, смт Велика Новосілка, Великоновосілківський р-н, Донецька обл., 85500","1472","343","1445","56","1076","53","1129","","0","1076","53","1129","52","1077","203","687","109","27","51","29.10.12"
"140091","59","Донецька область","сільський будинок культури, фойє
вул.Героя, 86, с.Времівка, Великоновосілківський р-н, Донецька обл., 85581","944","54","928","49","841","49","890","","0","841","49","890","15","875","205","536","89","19","26","29.10.12"
"140092","59","Донецька область","приміщення колишнього дитячого садка, ігрова
вул.Комарова, 22, с.Новий Комар, Великоновосілківський р-н, Донецька обл., 85583","384","129","364","18","238","17","255","","0","238","17","255","22","233","64","116","27","9","17","29.10.12"
"140093","59","Донецька область","школа, фойє
вул.Немировича-Данченка, 45, с.Нескучне, Великоновосілківський р-н, Донецька обл., 85583","552","106","552","30","416","30","446","","0","416","30","446","18","428","77","287","33","13","18","29.10.12"
"140094","59","Донецька область","сільський будинок культури, фойє
вул.Мічуріна, 4, с-ще Октябр, Великоновосілківський р-н, Донецька обл., 85506","528","22","527","90","416","90","506","","0","416","90","506","5","501","58","388","37","7","11","29.10.12"
"140095","59","Донецька область","сільський будинок культури, танцювальна зала
вул.Леніна, 41, с.Андріївка, Великоновосілківський р-н, Донецька обл., 85540","1024","83","999","47","894","47","941","","0","894","47","941","2","939","27","888","16","3","5","29.10.12"
"140096","59","Донецька область","контора СТОВ ""Побєда"", зала засідань
вул.Макарова, 45, с.Шевченко, Великоновосілківський р-н, Донецька обл., 85541","376","45","364","21","310","21","331","","0","310","21","331","15","316","50","203","39","9","15","29.10.12"
"140097","59","Донецька область","сільський будинок культури, мала зала
просп.Миру, 21, с.Багатир, Великоновосілківський р-н, Донецька обл., 85530","1192","255","1171","100","839","98","937","","0","839","98","937","25","912","123","663","67","27","32","28.10.12"
"140098","59","Донецька область","школа, хол
вул.Миру, 2, с.Олексіївка, Великоновосілківський р-н, Донецька обл., 85531","760","77","752","71","612","71","683","","0","612","71","683","7","676","51","571","29","9","16","28.10.12"
"140099","59","Донецька область","сільський будинок культури, танцювальна зала
вул.Леніна, 39, с.Євгенівка, Великоновосілківський р-н, Донецька обл., 85563","352","64","336","26","263","25","288","","0","263","25","288","17","271","47","171","25","14","14","29.10.12"
"140100","59","Донецька область","приміщення колишньої контори КСП ""Дружба"", актова зала
вул.Леніна, 20А, с.Зелене Поле, Великоновосілківський р-н, Донецька обл., 85525","440","136","422","27","279","25","304","","0","279","25","304","12","292","45","208","20","12","7","29.10.12"
"140101","59","Донецька область","дитячий садок, ігрова кімната 1
вул.Ювілейна, 5А, с.Новопіль, Великоновосілківський р-н, Донецька обл., 85525","160","29","154","18","113","18","131","","0","113","18","131","1","130","6","118","2","1","3","29.10.12"
"140102","59","Донецька область","колишня школа, фойє
вул.Совєтська, 45, с.Іскра, Великоновосілківський р-н, Донецька обл., 85510","568","186","556","61","325","57","382","","0","325","57","382","21","361","51","230","54","7","19","29.10.12"
"140103","59","Донецька область","сільський будинок культури, хол
вул.Ювілейна, 64, с-ще Зелений Гай, Великоновосілківський р-н, Донецька обл., 85511","640","99","625","30","514","27","541","","0","514","27","541","17","524","119","288","91","9","17","28.10.12"
"140104","59","Донецька область","сільський будинок культури, мала зала
вул.Єгорова, 6, с.Комар, Великоновосілківський р-н, Донецька обл., 85520","1224","484","1197","131","626","114","740","","0","626","114","740","48","692","93","466","100","18","15","29.10.12"
"140105","59","Донецька область","школа, спортивна зала
вул.Гагаріна, 39, с.Веселе, Великоновосілківський р-н, Донецька обл., 85521","672","85","657","113","475","112","587","","0","475","112","587","2","585","12","551","15","2","5","04.11.12"
"140106","59","Донецька область","клуб СТОВ ""Велес"", кінозала
вул.Зелена, 5, с.Ялта, Великоновосілківський р-н, Донецька обл., 85520","280","83","271","46","159","38","197","","0","159","38","197","12","185","30","116","22","6","11","29.10.12"
"140107","59","Донецька область","сільський клуб, зала
вул.Мічуріна, 26, с.Костянтинопіль, Великоновосілківський р-н, Донецька обл., 85542","784","32","770","54","698","54","752","","0","698","54","752","0","752","71","613","38","6","24","29.10.12"
"140108","59","Донецька область","школа, спортивна зала
вул.Октябрська, 57, с.Улакли, Великоновосілківський р-н, Донецька обл., 85543","624","86","617","63","476","62","538","","0","476","62","538","24","514","47","417","30","3","17","29.10.12"
"140109","59","Донецька область","сільський будинок культури, фойє
вул.Леніна, 27, с-ще Розлив, Великоновосілківський р-н, Донецька обл., 85544","632","44","621","47","542","46","588","","0","542","46","588","9","579","27","482","34","8","28","28.10.12"
"140110","59","Донецька область","культурно-дозвіллєвий комплекс, актова зала
вул.Леніна, 56, с.Красна Поляна, Великоновосілківський р-н, Донецька обл., 85571","1608","324","1589","75","1217","67","1284","","0","1217","67","1284","54","1230","246","806","76","72","30","29.10.12"
"140111","59","Донецька область","їдальня ТОВ""МЕТА"", зала
вул.Заводська, 11, с.Красна Поляна, Великоновосілківський р-н, Донецька обл., 85571","1104","237","1092","78","792","75","867","","0","792","75","867","40","827","274","471","41","29","12","29.10.12"
"140112","59","Донецька область","школа, класна кімната
вул.Лейтенанта Садового, 103, с.Красна Поляна, Великоновосілківський р-н, Донецька обл., 85571","416","49","413","32","338","29","367","","0","338","29","367","1","366","16","322","10","12","6","29.10.12"
"140113","59","Донецька область","будівля механізаторів СТОВ ""Прогрес"", зала засідань
вул.Центральна, 1, с.Новопетриківка, Великоновосілківський р-н, Донецька обл., 85570","488","70","476","58","360","58","418","","0","360","58","418","4","414","12","395","5","1","1","29.10.12"
"140114","59","Донецька область","контора ТОВ ""Южноє"", зала засідань
вул.Радянська, 44, с.Новопетриківка, Великоновосілківський р-н, Донецька обл., 85570","576","109","569","45","422","45","467","","0","422","45","467","24","443","50","320","54","4","15","04.11.12"
"140115","59","Донецька область","школа, спортивна зала
вул.Радянська, 185, с.Новопетриківка, Великоновосілківський р-н, Донецька обл., 85570","488","65","474","26","398","25","423","","0","398","25","423","24","399","39","267","62","16","15","29.10.12"
"140116","59","Донецька область","сільський клуб, танцювальна зала
вул.Жовтнева, 1, с.Ялинське, Великоновосілківський р-н, Донецька обл., 85570","416","93","398","23","301","22","323","","0","301","22","323","12","311","32","153","75","4","47","04.11.12"
"140117","59","Донецька область","школа, спортивна зала
вул.Паркова, 3, с-ще Октябрське, Великоновосілківський р-н, Донецька обл., 85561","792","185","784","47","563","44","607","","0","563","44","607","20","587","58","471","45","5","8","29.10.12"
"140118","59","Донецька область","сільський будинок культури, зала
вул.Полєтаєва, 16, с-ще Новодонецьке, Великоновосілківський р-н, Донецька обл., 85561","216","58","210","12","146","12","158","","0","146","12","158","18","140","18","91","13","13","5","04.11.12"
"140119","59","Донецька область","школа, спортивна зала
вул.Чапаєва, 37, с.Новомайорське, Великоновосілківський р-н, Донецька обл., 85562","336","57","328","29","250","29","279","","0","250","29","279","2","277","62","191","12","7","5","29.10.12"
"140120","59","Донецька область","школа, хол
просп.Київський, 12, с.Піддубне, Великоновосілківський р-н, Донецька обл., 85512","752","214","731","66","472","66","538","","0","472","66","538","18","520","67","367","41","14","31","29.10.12"
"140121","59","Донецька область","сільський будинок культури, фойє
вул.Октябрська, 36А, с.Карла Маркса, Великоновосілківський р-н, Донецька обл., 85513","528","91","516","37","400","37","437","","0","400","37","437","7","430","39","354","29","2","6","04.11.12"
"140122","59","Донецька область","сільський будинок культури, глядацька зала
вул.Первомайська, 23, с-ще Роздольне, Великоновосілківський р-н, Донецька обл., 85532","752","228","736","57","473","51","524","","0","473","51","524","27","497","109","274","63","25","26","29.10.12"
"140123","59","Донецька область","дитячий садок, спортивна зала
вул.Широка, 5, с-ще Одрадне, Великоновосілківський р-н, Донецька обл., 85514","240","77","232","16","147","16","163","","0","147","16","163","6","157","46","91","10","5","5","28.10.12"
"140124","59","Донецька область","сільський будинок культури, фойє
вул.Кооперативна, 21, с.Старомайорське, Великоновосілківський р-н, Донецька обл., 85550","544","52","528","34","458","34","492","","0","458","34","492","10","482","9","457","6","5","5","29.10.12"
"140125","59","Донецька область","сільський будинок дозвілля, зала
вул.Миру, 2, с.Макарівка, Великоновосілківський р-н, Донецька обл., 85550","216","28","202","27","161","27","188","","0","161","27","188","3","185","15","151","11","4","4","05.11.12"
"140126","59","Донецька область","сільський будинок культури, фойє
вул.Центральна, 26, с-ще Урожайне, Великоновосілківський р-н, Донецька обл., 85551","744","90","726","37","617","37","654","","0","617","37","654","4","650","18","549","58","14","11","29.10.12"
"140127","59","Донецька область","центр культури та дозвілля, фойє
вул.Б.Набережна, 112А, с.Старомлинівка, Великоновосілківський р-н, Донецька обл., 85552","1296","175","1277","69","1053","68","1121","","0","1053","68","1121","41","1080","169","720","120","51","20","29.10.12"
"140128","59","Донецька область","їдальня агроцеху №37 Старомлинівського відділення ""Агро Ілліч Донбас"", зала
вул.Чкалова, 36, с.Старомлинівка, Великоновосілківський р-н, Донецька обл., 85552","1096","210","1071","86","800","86","886","","0","800","86","886","5","881","100","749","0","22","10","29.10.12"
"140129","59","Донецька область","сільський клуб, фойє
вул.Космонавтів, 19, с.Орлинське, Великоновосілківський р-н, Донецька обл., 85552","104","15","98","9","80","9","89","","0","80","9","89","0","89","18","58","10","1","2","29.10.12"
"140130","59","Донецька область","сільський клуб, фойє
вул.Першотравнева, 31, с.Завітне Бажання, Великоновосілківський р-н, Донецька обл., 85553","432","109","431","38","285","38","323","","0","285","38","323","1","322","37","245","24","5","11","29.10.12"
"140131","59","Донецька область","приміщення кафе, зала
вул.Маяковського, 31, с-ще Золота Нива, Великоновосілківський р-н, Донецька обл., 85560","240","31","231","15","194","15","209","","0","194","15","209","6","203","18","146","26","6","7","29.10.12"
"140132","59","Донецька область","сільський будинок культури, фойє
вул.Центральна, 20, с.Шахтарське, Великоновосілківський р-н, Донецька обл., 85560","784","249","772","55","484","51","535","","0","484","51","535","24","511","155","262","56","19","19","29.10.12"
"140133","59","Донецька область","сільський будинок культури, актова зала
вул.Гагаріна, 32, с-ще Ясна Поляна, Великоновосілківський р-н, Донецька обл., 85560","288","48","285","30","210","30","240","","0","210","30","240","9","231","34","164","23","4","6","29.10.12"
"140134","59","Донецька область","кафе ""ПП Білозьорова"", фойє
вул.Нова, 1, с.Вільне Поле, Великоновосілківський р-н, Донецька обл., 85524","304","91","298","26","189","24","213","","0","189","24","213","15","198","31","129","12","19","7","05.11.12"
"140135","59","Донецька область","сільський будинок культури, танцювальна зала
вул.Гагаріна, 37, с.Воскресенка, Великоновосілківський р-н, Донецька обл., 85523","424","95","415","36","294","35","329","","0","294","35","329","4","325","41","177","82","12","13","28.10.12"
"140136","59","Донецька область","сільський будинок культури, фойє
вул.Шевченка, 1, с-ще Шевченко, Великоновосілківський р-н, Донецька обл., 85522","1000","197","975","74","731","72","803","","0","731","72","803","34","769","54","599","74","13","29","29.10.12"
"140306","59","Донецька область","школа №1, вестибюль
вул.Заводська, 21, м.Мар’їнка, Мар’їнський р-н, Донецька обл., 85600","2016","710","1967","83","1223","83","1306","","0","1223","83","1306","33","1273","193","791","117","73","99","29.10.12"
"140307","59","Донецька область","будинок культури, дискозала
просп.Ворошилова, 29, м.Мар’їнка, Мар’їнський р-н, Донецька обл., 85600","1656","467","1639","122","1067","122","1189","","0","1067","122","1189","21","1168","150","840","73","52","53","29.10.12"
"140308","59","Донецька область","музична школа, актова зала
вул.Леніна, 38, м.Мар’їнка, Мар’їнський р-н, Донецька обл., 85600","1216","278","1215","85","853","85","938","","0","853","85","938","0","938","43","844","22","14","15","29.10.12"
"140309","59","Донецька область","школа №2, вестибюль
просп.Ворошилова, 4, м.Мар’їнка, Мар’їнський р-н, Донецька обл., 85600","1448","393","1430","101","954","101","1055","","0","954","101","1055","83","972","144","655","80","45","48","29.10.12"
"140310","59","Донецька область","філія ""Мар’їнський автодор"", актова зала
вул.Петровського, 35, м.Мар’їнка, Мар’їнський р-н, Донецька обл., 85600","1376","244","1348","70","1062","70","1132","","0","1062","70","1132","15","1117","127","863","56","34","37","04.11.12"
"140311","59","Донецька область","школа №3, вестибюль
вул.Лермонтова, 36А, м.Красногорівка, Мар’їнський р-н, Донецька обл., 85630","1216","160","1202","78","978","78","1056","","0","978","78","1056","37","1019","104","850","31","10","24","29.10.12"
"140312","59","Донецька область","комбінат комунальних підприємств ""Віта"", зала
вул.Ахтирського, 14, м.Красногорівка, Мар’їнський р-н, Донецька обл., 85630","904","437","901","48","419","48","467","","0","419","48","467","13","454","69","330","25","13","17","28.10.12"
"140313","59","Донецька область","будинок культури, танцювальна зала
вул.Артема, 16, м.Красногорівка, Мар’їнський р-н, Донецька обл., 85630","1320","653","1306","31","642","25","667","","0","620","25","645","36","609","125","387","41","20","36","05.11.12"
"140314","59","Донецька область","будинок культури, дитячий сектор
вул.Артема, 16, м.Красногорівка, Мар’їнський р-н, Донецька обл., 85630","1184","461","1174","88","642","81","723","","0","642","81","723","53","670","133","449","47","13","28","29.10.12"
"140315","59","Донецька область","школа №5, вестибюль
вул.Кірова, 17, м.Красногорівка, Мар’їнський р-н, Донецька обл., 85630","1504","664","1477","84","764","76","840","","0","764","76","840","58","782","150","501","72","22","37","28.10.12"
"140316","59","Донецька область","школа №2, вестибюль
вул.Совєтська, 15, м.Красногорівка, Мар’їнський р-н, Донецька обл., 85630","1544","650","1524","80","814","80","894","","0","814","80","894","34","860","113","685","23","9","30","28.10.12"
"140317","59","Донецька область","школа №1, вестибюль
мікрорайон Сонячний, 6А, м.Красногорівка, Мар’їнський р-н, Донецька обл., 85630","1608","791","1575","26","794","23","817","","0","794","23","817","42","775","165","517","47","23","23","29.10.12"
"140318","59","Донецька область","школа №1, вестибюль
мікрорайон Сонячний, 6А, м.Красногорівка, Мар’їнський р-н, Донецька обл., 85630","1200","584","1181","15","605","11","616","","0","605","11","616","48","568","144","333","46","23","22","29.10.12"
"140319","59","Донецька область","технікум, вестибюль
вул.Нахімова, 2А, м.Красногорівка, Мар’їнський р-н, Донецької обл., 85630","1032","463","1004","54","515","54","569","","0","515","54","569","9","560","111","387","30","14","18","05.11.12"
"140320","59","Донецька область","школа №4, спортивна зала
вул.Крупської, 101А, м.Красногорівка, Мар’їнський р-н, Донецька обл., 85630","1032","462","1023","81","491","79","570","","0","491","79","570","14","556","85","402","40","10","19","29.10.12"
"140321","59","Донецька область","будинок культури, фойє
просп.Маяковського, 2, м.Курахове, Мар’їнський р-н, Донецька обл., 85612","1680","766","1660","38","883","31","914","","0","883","31","914","63","851","173","423","150","53","52","29.10.12"
"140322","59","Донецька область","школа №2, спортивна зала
вул.Пушкіна, 11, м.Курахове, Мар’їнський р-н, Донецька обл., 85612","2136","940","2097","78","1128","68","1196","","0","1128","68","1196","73","1123","231","611","187","51","43","29.10.12"
"140323","59","Донецька область","школа №1, спортивна зала
вул.Пушкіна, 17, м.Курахове, Мар’їнський р-н, Донецька обл., 85612","1896","898","1855","73","930","68","998","","0","930","68","998","57","941","209","502","150","37","43","29.10.12"
"140324","59","Донецька область","професійно-технічний ліцей, фойє, 1-й поверх
вул.Пушкіна, 6, м.Курахове, Мар’їнський р-н, Донецька обл., 85612","1768","690","1723","48","1030","48","1078","","0","1030","48","1078","64","1014","177","580","167","42","48","29.10.12"
"140325","59","Донецька область","професійно-технічний ліцей, фойє, 2-й поверх
вул.Пушкіна, 6, м.Курахове, Мар’їнський р-н, Донецька обл., 85612","1488","815","1459","62","611","62","673","","0","611","62","673","45","628","110","373","89","27","29","29.10.12"
"140326","59","Донецька область","гімназія ""Престиж"", спортивна зала, 1-й поверх
просп.Комсомольський, 12, м.Курахове, Мар’їнський р-н, Донецька обл., 85612","1840","865","1799","48","932","43","975","","0","932","43","975","39","936","221","515","140","26","34","29.10.12"
"140327","59","Донецька область","школа №5, перехід-хол, 1-й поверх
просп.Карла Маркса, 53, м.Курахове, Мар’їнський р-н, Донецька обл., 85612","2088","1074","2048","30","984","30","1014","","0","984","30","1014","57","957","204","516","145","41","51","29.10.12"
"140328","59","Донецька область","школа №5, спортивна зала, 1-й поверх
просп.Карла Маркса, 53, м.Курахове, Мар’їнський р-н, Донецька обл., 85612","1648","744","1637","122","797","107","904","","0","797","107","904","58","846","193","461","123","34","35","28.10.12"
"140329","59","Донецька область","школа №3, кабінет початкових класів
просп.Маяковського, 114, м.Курахове, Мар’їнський р-н, Донецька обл., 85612","632","267","638","60","309","56","365","","0","309","56","365","3","362","60","247","29","10","16","29.10.12"
"140330","59","Донецька область","вокзал станції Роя, зала очікування
просп.Маяковського, 23А, м.Курахове, Мар’їнський р-н, Донецька обл., 85612","912","369","905","40","503","40","543","","0","503","40","543","33","510","89","330","50","16","25","28.10.12"
"140331","59","Донецька область","будинок дозвілля, фойє
вул.Центральна, 37, смт Іллінка, Мар’їнський р-н, Донецька обл., 85615","528","157","516","68","304","67","371","","0","304","67","371","14","357","41","252","31","10","23","29.10.12"
"140332","59","Донецька область","Острівський клуб, кінозала
вул.Миру, клуб, с-ще Острівське, Мар’їнський р-н, Донецька обл., 85612","312","44","310","8","260","8","268","","0","260","8","268","17","251","17","209","15","8","2","29.10.12"
"140333","59","Донецька область","міський клуб, фойє
вул.Леніна, 174, смт Олександрівка, Мар’їнський р-н, Донецька обл., 85660","1688","580","1663","93","1017","91","1108","","0","1017","91","1108","54","1054","138","743","107","27","39","29.10.12"
"140334","59","Донецька область","школа, вестибюль
вул.Шкільна, 171, смт Олександрівка, Мар’їнський р-н, Донецька обл., 85660","1536","560","1499","88","894","82","976","","0","894","82","976","25","951","102","763","35","17","34","29.10.12"
"140335","59","Донецька область","міський клуб, зала для глядачів
вул.Октябрська, 9, смт Старомихайлівка, Мар’їнський р-н, Донецька обл., 85635","1992","982","1944","83","934","76","1010","","0","934","76","1010","66","944","213","616","54","33","28","29.10.12"
"140336","59","Донецька область","школа, їдальня
вул.Чапаєва, 78, смт Старомихайлівка, Мар’їнський р-н, Донецька обл., 85635","1872","872","1858","54","952","48","1000","","0","952","48","1000","35","965","174","663","47","41","40","29.10.12"
"140337","59","Донецька область","Старомихайлівський психоневрологічний інтернат, хол
Старомихайлівський психоневрологічний інтернат, смт Старомихайлівка, Мар’їнський р-н, Донецька обл., 85635","272","9","265","20","243","20","263","","0","243","20","263","1","262","6","253","2","0","1","05.11.12"
"140338","59","Донецька область","будинок народної творчості, танцювальна зала
вул.Первомайська, 70, с.Богоявленка, Мар’їнський р-н, Донецька обл., 85643","1136","166","1126","94","876","94","970","","0","876","94","970","57","913","281","525","41","19","47","04.11.12"
"140339","59","Донецька область","школа, вестибюль
вул.Івана Середи, 1А, с.Галицинівка, Мар’їнський р-н, Донецька обл., 85620","1248","537","1241","86","640","71","711","","0","640","71","711","50","661","92","458","61","23","27","29.10.12"
"140340","59","Донецька область","школа, спортивна зала
вул.Шкільна, 1А, с.Дачне, Мар’їнський р-н, Донецька обл., 85611","1336","427","1324","83","827","82","909","","0","827","82","909","17","892","134","671","50","18","19","29.10.12"
"140341","59","Донецька область","школа, гардеробна
вул.Островського, 31А, с.Островського, Мар’їнський р-н, Донецька обл., 85650","416","42","413","18","357","17","374","","0","357","17","374","9","365","47","304","7","2","5","28.10.12"
"140342","59","Донецька область","механічна майстерня, зала
вул.Чапаєва, 21, с.Сухі Яли, Мар’їнський р-н, Донецька обл., 85611","328","53","315","26","249","26","275","","0","249","26","275","0","275","14","250","6","3","2","28.10.12"
"140343","59","Донецька область","їдальня, зала
вул.Піонерська, 2Б, с.Дальнє, Мар’їнський р-н, Донецька обл., 85612","320","73","312","31","216","31","247","","0","216","31","247","6","241","15","191","21","6","8","28.10.12"
"140344","59","Донецька область","школа, актова зала
вул.Радянська, 45, с.Єлизаветівка, Мар’їнський р-н, Донецька обл., 85651","1544","461","1518","115","971","112","1083","","0","971","112","1083","49","1034","215","638","68","47","66","29.10.12"
"140345","59","Донецька область","будинок соціально-культурних послуг, фойє
вул.Миру, будинок соціально-культурних послуг, с.Зоряне, Мар’їнський р-н, Донецька обл., 85621","1128","476","1106","71","583","69","652","","0","583","69","652","19","633","97","441","59","8","28","29.10.12"
"140346","59","Донецька область","школа, вестибюль
вул.Леніна, 40, с.Катеринівка, Мар’їнський р-н, Донецька обл., 85652","888","248","876","71","571","69","640","","0","571","69","640","24","616","97","393","60","25","41","28.10.12"
"140347","59","Донецька область","школа, вестибюль
вул.Совєтська, 55, с.Костянтинівка, Мар’їнський р-н, Донецька обл., 85653","1008","295","1002","62","656","57","713","","0","656","57","713","35","678","158","414","54","19","33","29.10.12"
"140348","59","Донецька область","культурно-спортивний центр, дискозала
вул.Совхозна, 18, с.Луганське, Мар’їнський р-н, Донецька обл., 85662","1496","584","1479","88","831","81","912","","0","831","81","912","57","855","101","563","146","25","20","29.10.12"
"140349","59","Донецька область","кафе ПП Мурашова І.Б., зала
вул.Островського, 1А, с.Кремінець, Мар’їнський р-н, Донецька обл., 85662","240","88","242","11","141","11","152","","0","141","11","152","7","145","18","94","18","6","9","04.11.12"
"140350","59","Донецька область","будинок культури, обрядова зала
вул.Леніна, будинок культури, с.Максимільянівка, Мар’їнський р-н, Донецька обл., 85622","1672","679","1650","148","847","146","993","","0","847","146","993","50","943","177","597","48","65","56","29.10.12"
"140351","59","Донецька область","школа, спортивна зала
вул.Гагаріна, 1, с.Георгіївка, Мар’їнський р-н, Донецька обл., 85623","912","306","886","62","545","61","606","","0","545","61","606","35","571","72","398","28","38","35","29.10.12"
"140352","59","Донецька область","будинок культури, фойє
вул.Леніна, 56Д, с.Новомихайлівка, Мар’їнський р-н, Донецька обл., 85654","1024","341","1012","49","638","45","683","","0","638","45","683","56","627","104","423","37","28","35","29.10.12"
"140353","59","Донецька область","будинок сімейного дозвілля, фойє
вул.Леніна, будинок сімейного дозвілля, с.Новоселидівка, Мар’їнський р-н, Донецька обл., 85610","1040","394","1023","66","594","52","646","","0","594","52","646","26","620","52","351","48","149","20","29.10.12"
"140354","59","Донецька область","школа, спортивна зала
вул.Шкільна, 17, с.Новоукраїнка, Мар’їнський р-н, Донецька обл., 85640","1144","166","1129","76","902","76","978","","0","902","76","978","23","955","64","741","74","25","51","29.10.12"
"140355","59","Донецька область","школа, актова зала
вул.Леніна, 59, с.Пречистівка, Мар’їнський р-н, Донецька обл., 85642","528","60","515","42","426","42","468","","0","426","42","468","8","460","39","408","4","6","3","29.10.12"
"140356","59","Донецька область","школа, спортивна зала
вул.Новоселів, 56, с.Максимівка, Мар’їнський р-н, Донецька обл., 85641","528","90","516","22","416","22","438","","0","416","22","438","5","433","32","336","46","7","12","28.10.12"
"140357","59","Донецька область","школа, фойє
вул.Леніна, 73, с.Павлівка, Мар’їнський р-н, Донецька обл., 85672","1896","573","1861","81","1244","79","1323","","0","1244","79","1323","73","1250","194","826","109","61","60","29.10.12"
"140358","59","Донецька область","будинок культури, танцювальна зала
вул.Шевченка, 29, с.Степне, Мар’їнський р-н, Донецька обл., 85665","1096","415","1075","60","627","54","681","","0","627","54","681","39","642","105","386","51","33","67","29.10.12"
"140359","59","Донецька область","сільський клуб, танцювальна зала
вул.Ветеранів, 21, с.Солодке, Мар’їнський р-н, Донецька обл., 85665","352","93","352","21","238","21","259","","0","238","21","259","6","253","46","161","12","9","25","29.10.12"
"140360","59","Донецька область","сільський клуб, танцювальна зала
вул.Челюскінців, 30А, с.Водяне, Мар’їнський р-н, Донецька обл., 85665","248","85","237","12","151","12","163","","0","151","12","163","12","151","28","92","7","5","19","04.11.12"
"140361","59","Донецька область","сільський клуб, танцювальна зала
вул.Кірова, 1А, с.Березове, Мар’їнський р-н, Донецька обл., 85665","440","138","435","36","267","35","302","","0","267","35","302","14","288","34","194","31","11","18","29.10.12"
"140362","59","Донецька область","школа, вестибюль
вул.Дронова, 42А, с.Успенівка, Мар’їнський р-н, Донецька обл., 85650","696","175","683","68","458","63","521","","0","458","63","521","12","509","41","411","22","16","19","29.10.12"
"140363","59","Донецька область","обласний госпіталь для ветеранів війни
вул.Осипенка, 29, м.Мар’їнка, Мар’їнський р-н, Донецька обл., 85600","256","69","187","15","172","15","187","","0","172","15","187","7","180","11","135","13","12","9","29.10.12"
"140364","59","Донецька область","Мар’їнська центральна районна лікарня
вул.Нахімова, 1, м.Красногорівка, Мар’їнський р-н, Донецька обл., 85630","208","111","101","60","37","60","97","","0","37","60","97","1","96","21","63","7","2","3","29.10.12"
"140365","59","Донецька область","Курахівська міська лікарня
вул.Мечнікова, 14, м.Курахове, Мар’їнський р-н, Донецька обл., 85612","136","72","76","10","54","10","64","","0","54","10","64","0","64","2","53","4","2","3","05.11.12"
"140662","59","Донецька область","Політехнічний ліцей - школа, фойє, ліве крило, 1-й поверх
вул.13 Десантників, 21А, м.Вугледар, Донецька обл., 85670","2512","971","2482","48","1504","37","1541","","0","1504","37","1541","106","1435","312","804","121","90","108","29.10.12"
"140663","59","Донецька область","Політехнічний ліцей - школа, фойє, праве крило, 1-й поверх
вул.13 Десантників, 21А, м.Вугледар, Донецька обл., 85670","1760","643","1743","31","1086","31","1117","","0","1086","31","1117","71","1046","238","561","103","51","93","29.10.12"
"140664","59","Донецька область","Культурнодозвіллєвий центр, фойє, 1-й поверх
вул.30-річчя Перемоги, 2, м.Вугледар, Донецька обл., 85670","1816","690","1805","22","1106","20","1126","","0","1106","20","1126","76","1050","246","549","100","59","96","29.10.12"
"140665","59","Донецька область","школа №2, фойє, ліве крило, 1-й поверх
вул.Шахтарська, 26, м.Вугледар, Донецька обл., 85670","1784","660","1758","32","1098","26","1124","","0","1097","26","1123","55","1068","221","613","101","56","77","29.10.12"
"140666","59","Донецька область","школа №2, їдальня, 1-й поверх
вул.Шахтарська, 26, м.Вугледар, Донецька обл., 85670","1776","630","1752","43","1111","35","1146","","0","1109","35","1144","75","1069","239","587","111","48","84","05.11.12"
"140667","59","Донецька область","школа №3, їдальня, 1-й поверх
вул.Радянська, 2, м.Вугледар, Донецька обл., 85670","1696","660","1682","20","1017","19","1036","","0","1017","19","1036","62","974","250","487","103","47","87","29.10.12"
"140668","59","Донецька область","спортивна школа, ліве крило, спортивна зала, 1-й поверх
вул.Радянська, 2, м.Вугледар, Донецька обл., 85670","1824","766","1785","22","1041","17","1058","","0","1041","17","1058","73","985","206","545","111","54","69","05.11.12"
"141145","59","Донецька область","клуб ""Угольок"", вестибюль
вул.С.Тюленіна, 23, м.Новогродівка, Донецька обл., 85484","976","282","980","60","635","59","694","","0","635","59","694","29","665","196","398","52","5","14","29.10.12"
"141146","59","Донецька область","школа №9, вестибюль
вул.Шкільна, 15, м.Новогродівка, Донецька обл., 85483","1184","445","1179","53","691","48","739","","0","691","48","739","27","712","403","236","44","17","12","29.10.12"
"141147","59","Донецька область","школа №7, вестибюль, 2-й поверх
вул.Леніна, 30, м.Новогродівка, Донецька обл., 85483","896","306","881","48","545","45","590","","0","545","45","590","16","574","247","234","62","16","15","29.10.12"
"141148","59","Донецька область","школа №7, вестибюль, 1-й поверх
вул.Леніна, 30, м.Новогродівка, Донецька обл., 85483","1960","768","1929","62","1138","54","1192","","0","1138","54","1192","48","1144","449","527","108","35","25","29.10.12"
"141149","59","Донецька область","Палац Культури, хол, 1-й поверх
вул.40 літ Октября, 19, м.Новогродівка, Донецька обл., 85483","2352","936","2318","55","1363","53","1416","","0","1363","53","1416","74","1342","544","635","67","54","42","29.10.12"
"141150","59","Донецька область","Палац Культури, спортзал, 2-й поверх
вул.40 літ Октября, 19, м.Новогродівка, Донецька обл., 85483","1952","815","1932","52","1091","46","1137","","0","1091","46","1137","47","1090","423","491","93","58","25","29.10.12"
"141151","59","Донецька область","Палац Культури, малий зал, 2-й поверх
вул.40 літ Октября, 19, м.Новогродівка, Донецька обл., 85483","1424","547","1418","59","822","55","877","","0","822","55","877","44","833","326","388","74","24","21","29.10.12"
"141152","59","Донецька область","школа №10, вестибюль
вул.О.Кошового, 38, м.Новогродівка, Донецька обл., 85483","1368","562","1323","45","762","44","806","","0","762","44","806","33","773","317","347","62","28","19","05.11.12"
"141153","59","Донецька область","школа №1, хол, 1-й поверх
вул.Шевченка, 73, м.Селидове, Донецька обл., 85400","1528","733","1522","30","767","28","795","","0","767","28","795","49","746","198","347","108","47","46","29.10.12"
"141154","59","Донецька область","школа №1, спортивний зал
вул.Шевченка, 73, м.Селидове, Донецька обл., 85400","1488","767","1488","39","684","37","721","","0","684","37","721","37","684","180","307","101","53","43","29.10.12"
"141155","59","Донецька область","дитяча бібліотека, читальний зал
вул.Совєтська, 108, м.Селидове, Донецька обл., 85400","1936","964","1906","12","961","11","972","","0","961","11","972","59","913","283","387","132","64","47","05.11.12"
"141156","59","Донецька область","школа №6, хол, 1-й поверх
вул.Леніна, 19, м.Селидове, Донецька обл., 85400","1112","547","1091","15","550","15","565","","0","550","15","565","42","523","127","265","62","36","33","29.10.12"
"141157","59","Донецька область","гірничий технікум, читальний зал
вул.К.Маркса, 35, м.Селидове, Донецька обл., 85400","1976","1006","1938","20","953","17","970","","0","953","17","970","63","907","278","395","127","73","34","29.10.12"
"141158","59","Донецька область","гірничий технікум, хол, 1-й поверх
вул.К.Маркса, 35, м.Селидове, Донецька обл., 85400","1744","895","1710","2","847","2","849","","0","847","2","849","36","813","220","384","118","59","32","28.10.12"
"141159","59","Донецька область","центральна бібліотека, читальний зал
вул.Гоголя, 24, м.Селидове, Донецька обл., 85400","2168","995","2120","19","1154","19","1173","","0","1154","19","1173","58","1115","250","546","184","95","40","29.10.12"
"141160","59","Донецька область","адмінбудівля ДП""Селидіввугілля"", хол, 2-й поверх
вул.К.Маркса, 41, м.Селидове, Донецька обл., 85400","1344","728","1311","22","600","16","616","","0","600","16","616","36","580","164","293","60","38","25","28.10.12"
"141161","59","Донецька область","будинок культури імені Леніна, хол, 1-й поверх
вул.Маяковського, 6А, м.Селидове, Донецька обл., 85400","1864","1061","1831","34","772","31","803","","0","772","31","803","43","760","204","371","119","44","22","29.10.12"
"141162","59","Донецька область","будинок культури імені Леніна, хол, 2-й поверх
вул.Маяковського, 6А, м.Селидове, Донецька обл., 85400","1736","765","1717","15","956","15","971","","0","956","15","971","31","940","216","480","132","74","38","28.10.12"
"141163","59","Донецька область","школа №2, актовий зал, 1-й поверх
вул.Маяковського, 39, м.Селидове, Донецька обл., 85400","1688","772","1661","30","888","28","916","","0","888","28","916","45","871","219","444","110","69","29","29.10.12"
"141164","59","Донецька область","професійний ліцей, хол, 1-й поверх
вул.Чернишевського, 9, м.Селидове, Донецька обл., 85400","1688","836","1678","30","822","30","852","","0","822","30","852","63","789","218","390","101","56","24","28.10.12"
"141165","59","Донецька область","залізнична станція, зал очікування
вул.Вокзальна, залізнична станція, смт Вишневе, м.Селидове, Донецька обл., 85481","224","64","222","7","153","7","160","","0","153","7","160","7","153","33","96","11","6","7","05.11.12"
"141166","59","Донецька область","школа №27, хол, 1-й поверх
вул.Шкільна, школа № 27, смт Комишівка, м.Селидове, Донецька обл., 85482","312","77","306","111","124","111","235","","0","124","111","235","4","231","12","204","13","1","1","29.10.12"
"141167","59","Донецька область","школа №19, хол, 2-й поверх
вул.Центральна, 28А, м.Гірник, м.Селидове, Донецька обл., 85487","1848","876","1808","86","891","81","972","","0","891","81","972","52","920","216","538","88","40","38","29.10.12"
"141168","59","Донецька область","будинок культури, хол, 2 поверх
вул.Донецька, 65, м.Гірник, м.Селидове, Донецька обл., 85487","1768","877","1754","39","857","34","891","","0","857","34","891","61","830","221","453","69","49","38","04.11.12"
"141169","59","Донецька область","клуб імені А.Д.Шведченка, спортивний зал, 2-й поверх
вул.Донецька, 47, м.Гірник, м.Селидове, Донецька обл., 85487","1648","881","1603","36","734","33","767","","0","734","33","767","44","723","210","351","88","47","27","29.10.12"
"141170","59","Донецька область","школа №17, спортивний зал, 1-й поверх
вул.Пушкіна, 3, м.Гірник, м.Селидове, Донецька обл., 85487","1296","590","1287","51","655","51","706","","0","655","51","706","26","680","139","431","48","34","28","05.11.12"
"141171","59","Донецька область","школа №18, їдальня, 1-й поверх
пров.Красноармійський, 48, м.Гірник, м.Селидове, Донецька обл., 85487","1624","743","1602","53","829","52","881","","0","829","52","881","52","829","185","489","71","47","37","05.11.12"
"141172","59","Донецька область","палац дитячої та юнацької творчості, концертний зал, 2-й поверх
пров.Котовського, 28, м.Гірник, м.Селидове, Донецька обл., 85487","1544","869","1525","23","653","22","675","","0","653","22","675","50","625","148","379","52","21","25","29.10.12"
"141173","59","Донецька область","школа №12, спортивний зал, 1-й поверх
вул.Ватутіна, 7, м.Українськ, м.Селидове, Донецька обл., 85485","2480","1235","2446","46","1207","38","1245","","0","1207","38","1245","96","1149","245","674","137","56","37","29.10.12"
"141174","59","Донецька область","школа №12, хол, 2-й поверх
вул.Ватутіна, 7, м.Українськ, м.Селидове, Донецька обл., 85485","1656","836","1648","44","782","38","820","","0","782","38","820","66","754","70","561","70","20","33","29.10.12"
"141175","59","Донецька область","школа №13, спортивний зал
вул.Первомайська, 62, м.Українськ, м.Селидове, Донецька обл., 85485","1672","913","1627","43","717","42","759","","0","717","42","759","56","703","139","423","79","27","35","29.10.12"
"141176","59","Донецька область","школа №13, хол
вул.Первомайська, 62, м.Українськ, м.Селидове, Донецька обл., 85485","2064","1001","2005","41","1024","39","1063","","0","1024","39","1063","51","1012","173","665","122","27","25","28.10.12"
"141177","59","Донецька область","міська лікарня, хол, 1-й поверх
вул.Чапаєва, 20, м.Українськ, м.Селидове, Донецька обл., 85485","744","298","744","13","434","12","446","","0","434","12","446","25","421","86","246","53","10","26","28.10.12"
"141178","59","Донецька область","будинок культури, хол
вул.Комсомольська, 24, смт Курахівка, м.Селидове, Донецька обл., 85490","1672","835","1655","84","769","68","837","","0","769","68","837","39","798","157","470","90","38","43","04.11.12"
"141179","59","Донецька область","школа №22, хол, 1-й поверх
вул.Миру, 17, смт Курахівка, м.Селидове, Донецька обл., 85490","1264","581","1222","81","604","79","683","","0","604","79","683","33","650","134","388","73","21","34","28.10.12"
"141180","59","Донецька область","школа №24, хол, 1-й поверх
вул.Р.Люксембург, 26, смт Гостре, м.Селидове, Донецька обл., 85493","608","262","602","21","328","18","346","","0","328","18","346","11","335","60","223","19","14","19","28.10.12"
"141181","59","Донецька область","школа №26, хол, 1-й поверх
вул.Ватутіна, 1А, смт Цукурине, м.Селидове, Донецька обл., 85486","1024","416","999","61","556","52","608","","0","556","52","608","34","574","148","331","36","40","19","05.11.12"
"141182","59","Донецька область","будинок культури, хол, 1-й поверх
вул.Леніна, 2, смт Цукурине, м.Селидове, Донецька обл., 85486","624","247","616","33","349","28","377","","0","349","28","377","19","358","82","195","40","26","15","29.10.12"
"141183","59","Донецька область","виправна колонія № 82, клуб
вул.Погранична, 1, смт Гостре, м.Селидове, Донецька обл., 85493","1464","40","1424","0","1424","0","1424","","0","1424","0","1424","20","1404","45","1243","39","58","19","28.10.12"
